-1,-56,-20
-2,-56,-23
-2,-57,-23
-3,-57,-25
0,-55,-26
-1,-53,-28
-1,-55,-29
-1,-54,-30
-2,-53,-27
-3,-53,-28
-3,-54,-30
-4,-54,-29
-5,-53,-25
-3,-50,-31
-5,-50,-29
-3,-51,-35
-4,-47,-38
-1,-42,-45
1,-36,-48
1,-36,-51
5,-39,-48
8,-42,-47
8,-43,-46
10,-42,-44
10,-44,-43
10,-38,-41
7,-48,-40
10,-41,-40
12,-36,-46
5,-55,-23
7,-43,-40
9,-31,-43
9,-41,-52
10,-35,-42
15,-34,-47
6,-46,-48
12,-48,-6
10,-46,-38
7,-45,-38
6,-41,-43
5,-40,-44
8,-37,-48
12,-34,-47
14,-33,-51
13,-35,-57
12,-30,-53
8,-32,-56
7,-29,-56
4,-28,-53
3,-24,-52
2,-23,-58
2,-20,-60
5,-11,-53
11,-5,-56
9,-2,-55
10,-3,-61
13,-1,-73
5,-11,-54
1,-1,-69
5,0,-66
8,3,-72
9,-12,-67
6,-14,-57
6,-16,-65
5,-24,-66
3,-27,-62
1,-22,-60
2,-19,-56
-1,-22,-56
2,-20,-60
-3,-23,-57
5,-18,-59
1,-27,-55
0,-25,-51
0,-27,-51
0,-30,-51
-2,-33,-55
3,-36,-47
3,-35,-52
2,-39,-48
0,-42,-46
-1,-39,-45
3,-37,-48
4,-36,-46
6,-33,-56
8,-32,-56
10,-29,-52
9,-36,-50
12,-33,-50
12,-37,-51
10,-30,-53
11,-29,-55
13,-33,-52
14,-29,-46
13,-31,-52
14,-32,-51
15,-35,-49
20,-35,-48
17,-36,-51
19,-34,-47
22,-34,-47
21,-38,-42
20,-38,-46
27,-32,-52
18,-31,-50
17,-31,-52
15,-30,-50
0,-18,-51
3,-10,-49
-1,-8,-57
-1,-10,-65
2,-4,-57
-9,3,-75
-2,-9,-73
-13,8,-83
-19,-2,-53
-7,-12,-71
19,-84,-94
-42,31,-18
29,65,-90
-14,21,-42
-8,27,-76
7,48,-66
26,51,-71
0,45,-36
6,37,-45
13,48,-44
10,42,-49
7,58,-47
3,46,-56
6,46,-69
17,39,-75
3,6,-78
11,58,-61
5,44,-39
9,39,-41
6,45,-45
10,45,-32
12,56,-61
9,44,-68
14,31,-68
7,21,-67
12,36,-44
9,31,-53
11,43,-47
12,31,-60
13,36,-62
12,27,-56
10,23,-58
13,32,-70
12,26,-59
8,20,-43
9,15,-55
6,21,-46
5,22,-59
8,29,-61
5,17,-64
-2,19,-67
1,28,-56
-3,17,-69
-2,18,-51
-5,14,-63
-1,21,-63
4,27,-60
4,23,-55
6,21,-57
1,5,-60
5,16,-51
0,26,-61
7,13,-62
7,7,-66
8,17,-65
15,8,-80
11,20,-51
3,8,-49
10,16,-51
12,19,-54
12,28,-59
11,25,-65
9,13,-45
12,17,-60
6,15,-62
5,24,-63
1,20,-68
2,22,-65
2,28,-57
2,24,-61
1,18,-69
1,17,-53
-1,16,-65
7,29,-63
3,21,-62
4,25,-59
2,15,-71
3,29,-54
9,32,-55
9,26,-66
15,28,-75
13,17,-48
11,13,-57
6,19,-58
15,27,-58
9,21,-60
14,28,-65
10,25,-59
9,30,-51
15,33,-61
9,25,-61
9,20,-63
8,22,-57
10,25,-81
3,24,-73
4,38,-65
-5,17,-59
5,24,-55
3,19,-79
3,18,-65
-2,11,-57
1,29,-60
5,35,-62
2,30,-61
4,22,-65
5,24,-56
2,26,-63
4,21,-64
10,17,-69
8,18,-65
11,12,-68
13,18,-74
5,12,-58
18,18,-59
11,27,-57
11,35,-63
11,33,-72
13,38,-47
7,27,-59
6,22,-49
3,24,-60
3,20,-74
-4,16,-67
-2,34,-63
-3,24,-55
-1,23,-59
2,28,-56
0,24,-58
-2,21,-58
2,29,-59
1,25,-61
5,33,-62
4,26,-67
2,20,-61
5,33,-60
8,27,-67
9,16,-67
10,23,-66
11,20,-65
13,18,-56
16,23,-53
8,31,-63
20,28,-58
13,27,-54
11,26,-60
12,25,-63
11,23,-60
9,21,-54
10,24,-54
6,23,-75
5,12,-55
5,29,-59
1,22,-59
3,22,-56
4,20,-64
-1,17,-59
5,22,-54
1,34,-55
5,29,-64
6,29,-60
8,19,-59
3,23,-64
6,27,-74
9,18,-69
14,27,-61
17,20,-70
11,12,-59
11,9,-70
16,16,-54
11,21,-64
10,12,-56
9,19,-62
9,24,-61
7,21,-59
6,21,-56
3,14,-71
-2,20,-59
-4,22,-75
-4,14,-76
-11,19,-62
-10,21,-61
-9,21,-60
-11,30,-55
-16,22,-61
-13,36,-57
-13,29,-54
-11,22,-41
-24,26,-50
-44,8,-31
-48,43,-51
-62,-9,-18
-64,-13,-7
-63,-9,-1
-52,-40,19
-32,-63,12
-16,-64,2
-8,-68,-11
-9,-67,-6
-8,-60,-8
-2,-53,0
-3,-49,0
-4,-48,9
-10,-44,18
-14,-39,42
-8,-20,52
-6,0,53
-7,20,64
0,43,51
4,71,22
2,89,4
9,87,-7
15,75,-27
11,51,-30
12,43,-39
13,35,-45
14,21,-57
13,14,-63
14,12,-63
10,-14,-73
15,-7,-69
9,-30,-77
14,-31,-75
37,-49,-88
-34,7,-50
43,65,-56
21,27,-86
23,55,-33
15,51,-58
17,43,-25
13,42,-37
16,47,-40
15,52,-32
14,55,-38
19,57,-48
23,50,-62
19,19,-74
16,26,-56
17,41,-46
17,34,-40
15,49,-38
15,47,-36
16,55,-36
16,50,-43
17,49,-49
17,38,-65
15,18,-65
18,43,-49
12,42,-39
10,28,-38
12,32,-60
10,37,-60
10,32,-62
11,23,-65
11,25,-62
6,22,-50
8,15,-55
7,18,-55
7,18,-53
6,19,-55
9,20,-63
5,30,-66
4,13,-58
4,10,-69
4,22,-62
1,17,-64
5,19,-67
4,20,-76
3,12,-53
1,15,-65
0,9,-51
3,21,-60
8,18,-64
7,10,-69
3,7,-55
12,21,-66
15,7,-67
19,9,-51
5,2,-49
13,6,-68
9,22,-56
8,5,-65
11,8,-71
9,14,-53
7,15,-56
9,17,-59
8,15,-55
11,20,-59
5,25,-64
7,16,-68
4,18,-78
5,22,-60
-1,19,-64
3,17,-69
4,14,-63
-2,5,-63
7,15,-66
12,22,-65
5,21,-58
9,18,-61
3,12,-70
6,26,-54
9,21,-62
16,22,-60
9,10,-64
12,11,-63
11,-1,-73
17,14,-58
9,15,-63
13,15,-63
15,22,-63
10,26,-47
11,25,-61
9,24,-59
9,19,-53
12,28,-61
10,23,-63
9,18,-59
4,16,-65
2,24,-60
-1,19,-61
-1,18,-65
3,15,-74
2,19,-54
4,27,-58
3,21,-61
4,20,-63
0,14,-54
2,21,-56
5,19,-61
9,28,-73
7,20,-73
17,14,-50
10,23,-69
9,5,-68
10,12,-47
8,22,-57
7,16,-58
11,21,-63
14,29,-68
8,21,-55
8,20,-59
11,20,-61
6,18,-52
8,26,-60
10,21,-67
8,22,-67
5,25,-55
3,26,-60
5,21,-54
3,17,-66
2,15,-68
9,31,-59
3,17,-61
-1,13,-57
5,19,-60
3,19,-59
4,27,-60
3,16,-72
5,7,-61
11,22,-65
16,22,-70
14,19,-49
14,19,-63
12,23,-53
15,22,-64
10,18,-59
10,20,-48
9,25,-60
8,29,-65
11,25,-56
15,32,-53
10,31,-60
10,24,-67
2,16,-63
2,28,-55
1,27,-54
2,28,-59
-1,25,-58
2,30,-58
3,30,-58
2,34,-48
2,32,-46
2,30,-52
9,29,-64
4,42,-52
4,29,-60
8,28,-53
4,11,-63
16,33,-59
9,14,-59
10,21,-54
6,31,-46
12,22,-51
8,22,-56
13,33,-61
9,22,-59
9,24,-60
7,14,-60
2,17,-63
2,20,-62
0,17,-63
-4,28,-57
-1,29,-57
-2,17,-63
1,26,-65
3,29,-60
3,26,-60
1,37,-63
0,25,-55
1,29,-54
7,24,-64
3,25,-63
7,29,-57
12,26,-73
16,9,-61
24,27,-64
17,18,-53
18,20,-56
18,27,-62
26,26,-70
21,26,-65
31,25,-52
29,10,-41
47,-1,-25
65,1,-38
70,-6,-19
59,-31,-8
51,-44,0
52,-52,-2
40,-58,5
19,-51,-3
0,-58,-8
-6,-62,0
-6,-62,-7
-3,-61,2
-7,-54,1
-7,-55,12
-6,-55,10
-9,-43,16
-8,-33,31
-6,-21,45
-11,-19,55
-6,10,52
-2,45,46
1,61,24
3,90,24
0,89,6
9,80,-17
11,58,-36
14,51,-33
9,38,-50
13,34,-57
15,18,-63
12,4,-63
13,7,-64
13,0,-65
14,4,-62
14,-24,-99
13,-39,-60
16,-27,-79
27,13,-37
-2,41,-21
16,44,-44
18,67,-20
12,62,-7
17,57,-31
17,55,-28
17,58,-24
18,56,-29
17,58,-25
15,59,-23
14,60,-30
17,59,-45
21,55,-48
19,41,-72
15,42,-33
13,44,-22
14,46,-25
13,51,-24
14,58,-25
15,59,-25
16,61,-38
15,55,-43
13,48,-58
11,31,-72
3,54,-45
14,23,-13
14,36,-46
13,31,-72
8,30,-56
12,29,-54
12,31,-56
10,19,-61
7,21,-50
11,23,-46
6,25,-50
4,31,-54
8,29,-60
7,23,-71
2,27,-59
1,18,-68
-1,22,-73
-1,27,-65
2,28,-64
1,25,-56
-5,15,-64
4,25,-59
-2,26,-50
-1,33,-58
5,29,-61
3,25,-59
5,20,-61
1,22,-55
4,19,-64
8,5,-69
12,20,-75
11,19,-53
9,13,-62
18,21,-55
12,13,-69
14,25,-63
13,35,-64
10,24,-53
9,25,-58
11,27,-51
9,20,-56
8,22,-53
7,28,-59
4,23,-64
4,28,-64
0,27,-62
-3,24,-60
4,28,-61
-3,15,-66
2,28,-64
1,26,-60
-3,22,-50
-3,19,-47
1,26,-53
4,27,-67
4,23,-53
4,26,-61
9,12,-67
14,23,-60
6,10,-55
13,5,-68
13,17,-53
7,20,-76
10,24,-60
7,18,-61
9,24,-46
9,29,-62
8,26,-57
10,25,-61
6,19,-66
4,26,-59
3,21,-72
5,24,-68
2,29,-54
0,26,-58
2,26,-64
6,27,-67
1,19,-60
1,18,-57
4,30,-70
3,25,-56
-1,21,-46
0,18,-54
2,28,-62
2,29,-63
2,16,-64
6,9,-61
8,7,-64
10,10,-67
15,20,-67
12,22,-60
9,20,-62
11,23,-56
9,25,-60
8,28,-60
10,29,-54
10,30,-54
10,26,-56
9,25,-59
9,29,-59
8,29,-70
6,28,-61
-4,30,-60
1,27,-55
3,32,-53
-4,22,-61
-2,28,-57
-1,27,-58
-1,26,-46
3,34,-55
-1,33,-54
2,34,-52
4,28,-58
4,29,-45
6,31,-58
10,26,-62
10,31,-56
11,34,-52
14,27,-66
16,34,-68
10,34,-64
7,31,-52
11,37,-60
10,38,-49
10,37,-51
9,33,-57
10,35,-55
6,24,-53
5,31,-56
2,35,-62
2,22,-65
1,27,-64
1,30,-59
2,37,-56
3,33,-57
-1,28,-62
2,34,-55
4,35,-53
-1,20,-57
4,31,-53
5,25,-59
5,23,-64
8,21,-60
5,21,-64
9,21,-69
11,17,-67
11,23,-52
11,21,-67
16,20,-65
13,13,-59
10,19,-53
13,11,-62
9,16,-60
6,18,-63
5,19,-62
4,16,-59
2,16,-58
3,15,-58
0,23,-58
0,28,-64
-5,13,-74
-10,16,-64
-12,28,-54
-14,28,-55
-13,28,-57
-12,37,-50
-12,41,-60
-13,39,-52
-11,44,-42
-1,55,-67
-15,17,-54
-38,17,-30
-58,0,-15
-62,-6,-18
-65,-17,-1
-62,-13,-7
-60,-17,-3
-50,-26,9
-33,-61,7
-21,-72,3
-11,-67,10
-11,-70,-1
-13,-66,4
-12,-50,-1
-5,-55,-7
-5,-61,-6
-6,-61,2
-5,-53,1
-7,-53,17
-5,-38,28
-5,-23,47
-6,-16,53
-4,-2,58
-3,22,52
2,47,44
5,73,31
5,88,13
11,97,-3
11,77,-26
10,62,-33
11,40,-43
13,33,-56
13,15,-56
15,1,-59
13,4,-59
13,-3,-65
14,-6,-68
23,21,-64
19,-28,-64
13,-34,-104
29,85,-21
37,71,-86
7,37,-57
12,43,-42
9,42,-43
6,47,-18
5,49,-39
4,57,-16
14,50,-42
9,54,-29
10,54,-28
13,55,-37
7,50,-37
8,51,-58
13,49,-66
9,13,-81
19,58,-45
13,33,-35
11,37,-44
16,49,-51
13,52,-39
12,48,-35
10,57,-54
9,42,-58
5,25,-65
4,24,-58
6,35,-45
18,33,-51
7,30,-56
8,29,-60
7,27,-55
7,16,-64
8,16,-59
8,10,-57
9,12,-67
6,13,-58
11,15,-62
9,12,-58
4,19,-62
0,16,-60
-2,21,-59
3,31,-68
-4,15,-65
-6,17,-62
-3,28,-64
0,21,-65
-13,5,-62
1,23,-68
3,17,-48
0,25,-53
2,19,-65
0,20,-53
5,13,-64
2,21,-63
5,12,-72
13,9,-64
18,11,-72
16,7,-62
20,12,-61
18,7,-63
15,6,-65
9,9,-59
17,13,-60
10,8,-69
12,16,-59
9,18,-58
9,18,-56
10,21,-67
1,20,-62
1,16,-72
3,26,-71
3,29,-59
-3,23,-55
1,26,-65
2,24,-64
5,33,-62
0,27,-49
2,36,-51
4,31,-59
5,32,-54
7,31,-59
5,32,-58
4,22,-71
4,16,-62
9,13,-62
8,9,-66
10,9,-65
19,22,-74
18,20,-77
13,17,-49
6,19,-50
10,28,-42
12,28,-57
11,27,-58
9,16,-64
8,21,-57
3,18,-70
9,28,-59
9,22,-64
4,19,-68
2,25,-57
0,27,-55
-1,15,-58
-3,13,-64
2,19,-61
1,22,-57
1,12,-52
7,30,-59
7,25,-63
5,19,-61
-1,22,-51
5,20,-63
17,24,-64
10,18,-61
11,15,-60
10,2,-67
11,11,-67
10,24,-62
13,16,-60
9,19,-68
12,21,-67
10,28,-57
10,29,-49
8,22,-58
8,28,-57
6,30,-59
3,31,-71
2,30,-58
-1,32,-51
-1,30,-55
-2,23,-54
0,22,-57
-2,28,-59
0,32,-56
6,38,-44
-2,33,-54
3,37,-48
9,37,-59
9,32,-64
7,30,-64
10,27,-66
14,19,-69
12,24,-65
20,25,-57
11,14,-61
15,23,-54
12,26,-62
12,25,-68
12,22,-65
8,30,-63
8,23,-66
6,22,-58
8,20,-62
6,23,-55
7,26,-64
4,21,-66
2,27,-72
3,26,-56
-1,29,-60
0,22,-57
-5,13,-69
-2,19,-63
0,19,-53
-1,21,-56
4,24,-58
2,21,-67
4,21,-62
0,20,-57
3,22,-55
10,19,-69
13,18,-76
5,9,-76
9,11,-64
12,10,-60
10,14,-58
9,16,-60
8,12,-60
10,18,-61
14,22,-63
9,17,-59
10,15,-63
5,11,-63
8,24,-54
4,22,-68
-3,12,-72
-1,25,-66
-1,28,-56
2,31,-59
-2,21,-55
2,33,-55
0,36,-54
-1,34,-52
0,40,-55
-1,38,-52
4,31,-56
8,26,-53
8,34,-57
11,29,-66
10,27,-75
19,28,-71
13,31,-55
18,31,-54
12,23,-52
19,34,-51
24,33,-48
31,25,-38
37,32,-35
53,18,-36
68,-3,-19
70,-9,-15
56,-30,-5
51,-38,0
41,-60,0
32,-66,6
11,-61,-1
-4,-55,-1
-10,-56,-2
-11,-60,0
-11,-54,7
-12,-50,21
-17,-41,28
-16,-34,43
-14,-21,56
-10,-5,52
-8,12,49
-7,28,53
2,55,34
8,88,22
14,92,13
16,71,-6
20,70,-29
18,52,-38
13,35,-55
16,28,-58
19,20,-59
17,8,-59
17,9,-64
19,4,-64
17,3,-68
22,22,-58
18,-21,-75
28,-20,-118
2,115,-8
17,62,-19
16,84,-5
7,56,-10
10,61,-11
15,50,-28
13,56,-23
15,58,-17
16,55,-28
16,61,-35
17,58,-35
15,56,-28
16,58,-26
15,61,-27
14,59,-35
19,60,-53
19,49,-50
13,24,-74
17,49,-35
12,40,-39
13,46,-49
18,38,-65
16,33,-51
12,30,-56
14,29,-54
8,16,-61
13,20,-61
12,7,-63
7,18,-49
9,14,-64
9,23,-68
4,21,-60
3,19,-55
3,20,-59
0,18,-69
-3,23,-63
-5,16,-67
-5,18,-69
-5,24,-62
-3,21,-62
-2,20,-71
-1,25,-62
0,31,-62
-2,19,-56
2,23,-53
4,31,-65
-1,18,-61
2,20,-67
3,24,-58
3,13,-71
9,8,-65
11,18,-63
9,15,-62
13,8,-64
6,7,-59
-3,8,-60
8,18,-50
6,19,-55
8,18,-56
8,21,-56
8,21,-58
10,22,-76
0,21,-58
-2,29,-61
-2,23,-69
-1,22,-71
-4,28,-57
-5,27,-60
-3,18,-58
-3,22,-63
-1,25,-63
-1,25,-58
-2,29,-56
-1,30,-54
-4,23,-48
1,23,-61
5,29,-57
4,22,-61
8,17,-70
3,4,-64
4,13,-62
5,6,-66
9,5,-57
11,8,-61
7,15,-59
11,19,-56
1,25,-56
6,24,-55
9,30,-51
6,23,-61
6,20,-67
4,23,-58
5,29,-57
5,31,-61
3,25,-63
1,24,-68
-3,30,-52
-5,25,-63
-1,23,-60
-2,18,-63
1,28,-61
1,25,-60
1,27,-48
-2,21,-40
1,25,-58
2,22,-58
4,25,-51
8,31,-67
6,32,-69
6,18,-80
4,14,-65
6,8,-60
5,7,-59
7,22,-57
2,10,-69
10,27,-56
4,25,-58
6,26,-58
11,33,-53
13,34,-55
7,24,-59
4,21,-56
6,27,-53
5,44,-58
3,29,-69
-3,26,-63
-6,32,-53
-1,34,-55
-3,27,-59
-5,28,-59
-4,27,-57
1,29,-59
-3,30,-47
5,32,-46
5,29,-56
1,22,-62
6,27,-58
6,28,-59
6,22,-67
10,19,-68
8,18,-63
8,15,-61
10,14,-62
7,22,-51
9,28,-62
15,23,-64
6,20,-52
9,29,-61
9,28,-57
11,22,-62
6,21,-61
5,23,-54
6,28,-60
8,23,-71
0,17,-68
-4,25,-56
-3,20,-61
-2,20,-65
-4,13,-62
-4,13,-64
2,23,-63
3,24,-64
4,24,-53
4,20,-56
2,21,-61
5,21,-62
4,26,-60
6,22,-69
12,16,-73
10,17,-75
13,16,-62
13,22,-57
10,20,-41
6,21,-63
10,20,-52
8,27,-53
11,31,-60
14,33,-57
12,30,-56
9,25,-62
6,24,-55
7,25,-57
5,19,-67
7,17,-67
2,22,-57
3,25,-59
2,21,-62
4,24,-58
2,27,-58
1,29,-62
0,24,-53
-1,23,-59
-1,22,-60
1,19,-55
3,16,-65
7,23,-57
6,12,-65
11,13,-67
17,14,-70
19,14,-70
14,10,-65
14,2,-59
14,14,-55
18,21,-68
27,26,-51
15,14,-39
29,33,-53
28,28,-47
32,20,-28
66,12,-31
72,9,-18
59,-10,-16
56,-25,0
61,-40,-4
57,-41,7
43,-58,16
29,-60,12
12,-58,5
1,-61,-5
-1,-64,-1
-2,-55,-2
-2,-59,0
-3,-57,5
-4,-54,2
-1,-42,1
-6,-46,21
-8,-19,45
-9,-6,63
-11,13,59
-1,41,39
-7,76,35
-4,88,1
0,75,-4
8,63,-20
11,51,-36
14,50,-49
14,36,-61
18,20,-60
18,7,-62
19,7,-59
21,4,-68
20,1,-64
23,2,-60
29,1,-67
25,-25,-83
43,-17,-119
58,-27,-55
12,70,-36
11,72,-29
15,43,25
12,47,-19
25,50,-40
19,57,-35
16,58,-19
18,58,-23
21,54,-30
18,57,-20
18,61,-22
18,58,-34
24,57,-48
21,53,-50
23,26,-71
17,51,-26
16,43,-28
16,42,-27
17,51,-30
16,58,-31
17,60,-27
13,59,-38
13,58,-46
14,47,-57
9,18,-65
19,49,-46
15,29,-52
15,32,-60
10,19,-55
6,18,-61
8,13,-64
11,12,-61
10,7,-64
10,9,-61
11,10,-49
13,17,-59
8,16,-59
9,19,-53
3,11,-64
6,20,-67
3,14,-70
3,14,-65
-1,21,-66
-2,19,-63
-1,18,-61
-3,15,-65
-5,19,-58
1,22,-59
1,33,-61
-1,18,-57
-1,18,-61
3,21,-62
5,10,-71
3,16,-54
6,14,-69
8,9,-70
6,11,-63
12,14,-54
13,7,-67
15,17,-56
7,22,-61
10,17,-59
8,21,-63
9,29,-59
8,32,-55
11,27,-59
11,29,-55
12,26,-71
4,22,-54
5,27,-61
-1,26,-77
-2,20,-64
-2,29,-57
3,32,-59
2,27,-56
-1,26,-56
3,40,-60
3,34,-55
0,26,-57
3,29,-52
5,25,-58
5,20,-66
3,26,-59
8,20,-63
13,17,-67
11,19,-61
14,18,-58
11,9,-68
13,13,-58
6,19,-51
10,21,-55
8,25,-54
10,22,-60
12,24,-56
9,24,-55
10,25,-56
7,18,-57
6,24,-50
5,23,-58
7,18,-65
8,21,-73
1,22,-65
1,25,-59
3,20,-60
-1,14,-60
-1,18,-57
3,20,-58
6,25,-64
1,14,-62
2,19,-61
1,16,-60
7,19,-66
1,18,-58
6,22,-68
6,11,-71
4,12,-57
13,19,-61
10,2,-72
12,16,-55
13,12,-53
13,18,-63
12,17,-63
10,18,-63
10,22,-50
7,20,-57
8,17,-70
5,17,-66
5,16,-59
9,20,-62
11,20,-68
6,17,-66
5,22,-57
5,25,-60
2,19,-63
3,18,-65
0,16,-62
-2,17,-54
2,24,-53
2,28,-65
0,23,-58
4,31,-57
3,26,-62
1,28,-49
1,24,-65
6,24,-64
8,16,-62
7,17,-59
9,17,-69
12,14,-61
7,17,-59
9,22,-56
11,25,-58
12,23,-60
13,26,-57
11,28,-60
10,28,-65
10,28,-67
11,27,-56
10,25,-53
10,34,-55
2,19,-63
0,17,-64
1,28,-55
0,29,-57
1,26,-57
-7,15,-68
2,23,-57
5,27,-56
1,23,-55
-1,28,-57
8,33,-59
4,25,-63
4,23,-57
1,23,-58
2,19,-72
9,25,-71
5,15,-65
11,17,-61
8,6,-67
13,25,-60
10,23,-59
11,20,-60
12,21,-61
10,18,-56
10,20,-60
9,22,-60
5,15,-58
5,22,-61
0,20,-69
2,19,-72
-2,21,-59
-2,25,-56
-1,33,-53
-2,21,-58
-4,19,-64
1,29,-60
-1,25,-56
-1,28,-54
0,38,-52
5,36,-54
5,27,-60
3,18,-61
4,24,-58
7,24,-69
17,28,-66
19,22,-61
18,23,-52
15,15,-60
17,20,-54
20,30,-58
20,28,-54
33,29,-54
26,28,-44
27,27,-40
31,10,-32
64,12,-25
73,5,-22
64,-23,-14
64,-33,-13
53,-45,1
44,-54,7
29,-59,7
10,-64,-3
-2,-58,-5
-7,-59,-2
-5,-62,2
-4,-58,2
-6,-60,3
-6,-59,8
-7,-53,5
-3,-43,21
-10,-46,30
-10,-31,40
-5,-8,56
-9,4,55
-5,18,45
-4,31,49
3,57,26
6,94,12
10,96,3
8,71,-10
12,64,-35
10,43,-36
6,32,-47
6,31,-54
9,17,-52
12,9,-68
12,14,-70
16,11,-63
15,13,-77
18,-18,-87
22,-32,-73
13,-46,-69
30,66,-49
-32,14,-25
22,72,-47
26,68,-69
4,59,-14
15,56,-45
8,55,-30
14,66,-14
13,60,-22
15,57,-25
15,60,-21
16,61,-24
12,63,-29
12,62,-50
11,60,-49
8,34,-75
19,61,-16
13,41,-41
10,44,-39
12,55,-34
11,55,-29
12,57,-27
12,58,-37
12,55,-42
10,57,-46
10,37,-77
14,63,-35
15,41,-52
14,39,-42
13,46,-49
15,38,-57
12,34,-43
14,33,-59
14,33,-59
11,16,-56
16,25,-58
13,27,-60
12,23,-45
11,29,-60
11,31,-59
1,19,-47
6,28,-64
4,29,-54
0,23,-57
-1,31,-59
0,31,-58
-1,31,-60
-2,22,-63
-3,18,-63
1,31,-57
-5,19,-58
0,32,-53
3,31,-48
5,36,-55
4,23,-59
4,18,-66
1,17,-59
8,15,-62
14,15,-69
7,15,-53
10,18,-56
11,17,-67
10,18,-52
8,19,-50
14,16,-71
15,27,-61
10,25,-51
12,32,-58
6,16,-61
9,16,-55
0,17,-47
7,24,-65
6,22,-64
3,23,-69
2,28,-55
5,36,-54
-2,19,-66
0,23,-58
-3,18,-49
0,25,-58
2,31,-62
6,35,-55
0,26,-58
4,24,-60
2,26,-63
2,21,-66
4,20,-69
6,12,-69
8,20,-74
9,13,-70
6,19,-64
9,21,-52
8,26,-57
8,16,-69
11,21,-56
11,24,-67
9,26,-56
9,26,-63
9,21,-63
3,17,-57
-1,22,-62
1,20,-72
-3,16,-68
-9,22,-61
-3,26,-57
-3,27,-58
-5,21,-57
-3,26,-67
-4,14,-62
-2,19,-58
-3,16,-66
-4,17,-61
-1,21,-57
-1,17,-57
-1,23,-46
-1,18,-66
2,9,-71
6,15,-67
7,24,-63
5,10,-66
12,16,-69
8,22,-57
10,22,-54
14,21,-62
6,25,-56
5,22,-58
7,22,-61
9,19,-61
3,18,-55
1,22,-55
3,10,-68
0,18,-68
-1,23,-59
-2,23,-61
-2,22,-56
-3,23,-71
-2,21,-61
-3,23,-55
0,29,-59
0,23,-61
-5,21,-57
1,18,-57
-3,17,-63
-3,28,-50
6,26,-62
17,20,-70
12,21,-64
13,18,-59
14,17,-66
9,18,-61
7,19,-47
8,21,-59
8,18,-45
8,23,-60
14,27,-64
9,19,-51
8,17,-60
7,22,-56
3,22,-60
3,21,-67
-1,19,-68
0,27,-56
-3,25,-58
0,22,-58
-4,12,-62
-5,16,-54
-1,20,-60
0,22,-64
-3,15,-63
-3,27,-57
1,22,-57
-1,15,-59
3,33,-53
1,23,-58
9,23,-56
13,19,-59
13,29,-66
10,9,-66
14,22,-60
7,22,-65
9,18,-63
7,19,-62
8,20,-62
9,19,-58
11,24,-59
5,21,-58
0,15,-60
-5,21,-66
-3,23,-68
-5,13,-64
-2,32,-62
-7,27,-58
-3,28,-57
-11,23,-58
-8,28,-65
-6,38,-59
-10,34,-49
-3,48,-55
-13,17,-61
-26,24,-36
-72,-4,-5
-62,-8,-16
-72,-15,-7
-61,-8,-3
-47,-20,-1
-30,-58,17
-17,-69,6
-11,-68,-1
-8,-60,-1
-8,-56,5
-2,-63,-1
-1,-49,-1
0,-54,13
-5,-37,19
-8,-45,25
-7,-29,36
-6,-15,51
-6,8,52
4,46,45
7,58,22
2,88,27
18,93,15
7,75,-4
15,71,-24
19,53,-39
17,36,-52
19,22,-54
17,11,-62
14,10,-58
15,11,-62
20,6,-52
6,-42,-75
17,-42,-79
-2,19,-53
43,83,6
-19,51,-22
2,52,-11
23,48,-72
37,46,-75
10,46,-36
9,51,-24
18,44,-44
24,43,-41
19,47,-39
19,45,-51
16,49,-33
15,54,-39
14,46,-55
17,48,-68
15,10,-69
23,39,-35
21,43,-26
17,25,-44
22,43,-49
20,40,-46
18,43,-38
13,44,-46
12,34,-56
13,33,-65
13,12,-77
15,31,-41
17,30,-58
25,26,-62
19,22,-65
13,19,-58
11,16,-61
13,14,-64
16,18,-63
18,4,-62
12,10,-53
9,11,-61
13,14,-57
9,16,-54
8,11,-56
7,17,-53
5,9,-66
7,27,-58
3,19,-70
-1,14,-72
-1,25,-61
0,21,-62
-4,13,-67
-1,19,-65
-1,15,-63
1,18,-60
1,21,-53
4,25,-59
4,18,-64
8,12,-61
7,16,-58
12,19,-64
13,5,-71
23,3,-62
18,9,-57
14,8,-59
13,7,-55
12,12,-56
8,9,-65
14,11,-64
14,17,-59
12,19,-53
11,17,-62
11,21,-61
7,16,-61
4,20,-64
-1,12,-72
-3,19,-70
0,25,-62
-4,27,-60
-3,25,-66
-5,17,-60
1,30,-59
3,20,-60
-8,12,-52
0,23,-52
2,25,-58
3,26,-66
0,28,-73
3,15,-58
7,12,-68
9,5,-73
10,12,-62
12,7,-64
13,7,-68
11,12,-65
11,15,-57
10,20,-61
10,19,-61
12,21,-56
14,27,-49
11,23,-64
6,12,-62
8,25,-51
4,31,-64
8,23,-72
0,23,-65
2,30,-61
2,33,-59
3,27,-45
4,33,-48
1,32,-57
5,31,-55
2,24,-54
0,28,-56
4,30,-59
3,19,-64
4,21,-54
0,16,-34
9,24,-60
11,11,-67
8,11,-73
6,8,-59
13,18,-61
11,3,-74
16,18,-63
7,12,-56
13,20,-56
12,24,-58
12,24,-60
10,19,-55
11,22,-53
7,16,-62
6,25,-59
5,31,-62
-1,17,-69
1,29,-68
3,30,-60
-1,23,-57
3,21,-62
0,22,-63
3,25,-61
2,29,-63
-2,29,-57
1,33,-48
7,42,-54
7,27,-63
4,27,-57
3,29,-62
5,29,-59
7,25,-57
12,24,-58
10,27,-51
14,24,-63
10,22,-55
12,30,-52
13,35,-57
13,41,-56
11,34,-54
11,34,-54
10,40,-47
12,33,-46
9,30,-53
10,36,-58
6,38,-54
7,29,-64
3,25,-65
2,33,-53
1,28,-53
0,30,-59
-2,21,-62
-3,30,-53
-6,21,-55
0,31,-58
0,28,-57
-1,24,-53
6,28,-54
0,22,-62
4,17,-68
4,25,-63
6,21,-65
8,14,-67
14,8,-73
12,13,-62
11,9,-62
10,8,-67
9,14,-66
11,14,-64
9,16,-63
11,16,-60
11,13,-57
9,16,-62
7,15,-67
3,16,-67
1,21,-57
-3,21,-66
-3,21,-63
-8,17,-64
-10,26,-63
-7,25,-58
-10,21,-60
-13,30,-55
-14,34,-49
-14,32,-54
-14,34,-67
-17,31,-43
-9,49,-61
-18,24,-61
-54,10,-9
-60,3,-18
-58,-5,-6
-56,-13,-3
-54,-30,4
-43,-51,16
-33,-56,6
-24,-64,15
-16,-60,16
-9,-58,14
-1,-61,1
-1,-57,2
-3,-60,1
-11,-62,2
-10,-59,3
-9,-56,-7
-9,-56,2
-10,-59,2
-9,-57,3
-7,-53,4
-6,-57,10
-5,-46,11
-5,-41,23
-7,-35,45
-6,-16,51
-2,0,52
1,22,54
-2,25,34
2,77,18
7,90,18
6,91,5
14,81,-27
12,57,-40
9,44,-46
5,29,-50
12,26,-59
11,9,-66
10,5,-64
11,8,-67
12,0,-69
15,2,-66
19,-12,-65
18,-45,-76
27,-14,-126
36,40,10
22,25,-63
4,56,8
13,46,-42
20,58,-49
15,57,-34
19,54,-38
18,54,-41
13,50,-25
14,55,-24
13,57,-20
11,61,-18
9,63,-17
9,65,-22
12,64,-44
14,58,-51
15,42,-76
12,56,-30
7,43,-34
12,52,-45
11,42,-46
15,41,-76
11,34,-62
11,31,-64
15,31,-69
9,19,-46
8,5,-73
10,17,-53
7,21,-50
10,20,-53
13,30,-65
8,15,-51
4,26,-54
1,24,-62
3,23,-58
1,21,-63
-4,19,-58
-3,29,-60
-2,32,-55
0,23,-66
-2,25,-69
-1,24,-58
-2,29,-59
-3,17,-54
1,23,-56
5,30,-58
2,18,-70
5,12,-60
1,23,-70
4,15,-66
7,7,-72
5,11,-61
10,8,-61
10,7,-63
14,12,-59
7,15,-53
10,18,-51
14,17,-66
7,15,-65
7,17,-65
9,13,-62
7,11,-59
6,16,-59
3,15,-61
7,16,-79
3,16,-73
1,26,-65
-1,15,-61
1,17,-64
-3,13,-65
1,16,-66
5,29,-46
-3,22,-63
0,19,-56
-2,24,-55
1,20,-61
6,12,-74
2,17,-63
2,14,-61
8,12,-67
7,9,-68
7,10,-65
15,16,-60
9,2,-63
5,9,-64
10,11,-58
7,12,-61
10,20,-59
10,15,-62
9,13,-60
6,12,-56
4,14,-55
5,17,-54
6,24,-71
8,17,-76
-3,14,-53
-4,21,-58
1,21,-54
-2,18,-66
-4,10,-59
-3,18,-65
3,18,-55
0,16,-60
8,22,-59
2,15,-63
5,21,-64
3,25,-57
6,20,-65
6,16,-67
10,23,-66
14,23,-63
13,10,-65
9,14,-68
11,23,-64
12,16,-51
16,14,-62
5,14,-58
14,24,-63
13,26,-54
8,22,-61
5,16,-66
5,20,-67
4,21,-67
2,21,-64
2,20,-60
0,19,-63
-4,15,-54
-3,19,-58
-4,11,-68
-2,21,-59
1,21,-57
1,24,-53
0,23,-57
2,23,-60
3,22,-64
2,28,-54
5,21,-62
8,17,-56
14,21,-59
13,24,-55
10,3,-59
14,8,-67
12,16,-70
12,23,-60
15,23,-60
12,15,-63
12,20,-48
13,28,-57
12,21,-69
7,19,-64
9,27,-52
7,26,-72
3,17,-68
-5,16,-64
0,27,-56
-1,22,-57
-1,21,-63
-5,17,-62
4,30,-65
5,27,-55
2,26,-63
1,20,-63
3,24,-55
5,23,-64
5,33,-56
5,22,-58
12,24,-56
20,21,-68
7,11,-57
8,8,-70
11,11,-64
17,20,-62
14,19,-63
11,14,-66
11,17,-58
9,17,-60
12,16,-67
8,13,-59
8,23,-58
1,16,-67
2,12,-74
1,23,-66
-3,19,-55
0,23,-57
-5,13,-67
-6,15,-67
1,19,-56
3,26,-57
-1,18,-58
1,19,-59
2,20,-52
4,14,-68
3,18,-65
9,18,-68
10,13,-72
16,8,-61
16,16,-57
16,13,-55
13,6,-57
13,12,-61
17,19,-63
24,19,-55
24,16,-61
27,22,-48
29,19,-43
54,-7,-26
66,-2,-33
69,-3,-7
68,-32,-4
62,-38,-5
49,-51,14
25,-56,6
11,-54,-3
-3,-60,-10
-5,-66,2
-7,-65,6
-3,-51,3
-4,-48,17
-9,-41,30
-6,-18,47
-6,-2,62
-6,26,53
1,38,39
-2,78,14
2,104,-1
14,83,-2
16,59,-23
22,50,-46
21,37,-50
29,21,-62
20,8,-54
18,10,-69
16,-2,-59
20,0,-62
25,-25,-85
34,-93,-60
50,-5,72
87,99,-93
38,64,-71
25,42,-35
0,55,1
37,61,-89
17,40,-50
11,44,-23
18,45,-28
20,45,-40
22,46,-44
18,49,-44
15,51,-38
20,45,-66
22,44,-64
18,14,-69
17,21,-46
26,30,-34
27,35,-40
26,50,-41
20,48,-35
14,51,-36
11,54,-41
16,47,-53
16,38,-63
14,20,-67
22,49,-50
19,36,-35
26,29,-84
23,41,-63
19,39,-55
15,32,-55
14,35,-58
16,25,-59
15,24,-55
7,21,-49
13,16,-55
8,20,-61
8,18,-63
7,25,-72
6,19,-61
9,16,-61
3,9,-65
2,15,-74
5,21,-62
4,10,-67
3,12,-73
4,16,-63
0,20,-58
-3,12,-57
2,16,-62
3,16,-71
5,10,-60
1,23,-58
4,11,-57
11,7,-62
1,-13,-64
12,8,-50
16,6,-61
15,0,-76
13,14,-66
4,9,-66
19,18,-63
11,24,-61
15,28,-70
10,16,-65
6,10,-59
3,6,-60
6,16,-54
7,20,-73
5,12,-87
4,22,-63
2,21,-55
-3,7,-70
0,8,-75
10,32,-62
1,16,-56
-3,19,-50
-1,16,-58
-2,18,-50
2,11,-51
-1,6,-62
-3,16,-58
7,25,-68
10,11,-67
17,24,-55
11,14,-55
7,3,-62
17,8,-71
12,16,-67
9,11,-55
11,13,-60
11,20,-61
10,24,-56
7,12,-62
12,21,-57
8,16,-57
4,13,-60
8,27,-80
8,15,-69
5,14,-68
4,23,-57
10,30,-54
-3,10,-68
4,21,-64
0,16,-57
3,18,-56
4,24,-66
2,18,-58
2,25,-63
1,18,-59
7,24,-58
5,23,-66
9,16,-60
11,12,-61
8,16,-63
14,9,-66
17,11,-60
13,15,-54
12,18,-63
15,9,-78
8,10,-68
13,22,-56
11,17,-52
10,22,-59
10,17,-57
7,19,-61
11,23,-70
7,17,-67
-1,14,-66
1,24,-55
-7,18,-65
-6,7,-62
-8,6,-78
-4,12,-65
2,16,-49
3,16,-56
0,13,-60
6,23,-65
4,20,-58
1,5,-56
1,21,-72
11,6,-73
15,6,-77
11,12,-43
25,10,-67
18,5,-63
11,4,-72
16,10,-60
14,12,-53
13,11,-53
13,14,-68
13,15,-65
11,18,-58
6,13,-63
5,22,-66
6,13,-72
-8,8,-59
-7,20,-59
-9,21,-57
-13,11,-60
-11,8,-71
-3,16,-56
0,18,-58
-5,12,-57
-1,12,-57
16,26,-49
11,-2,-92
-4,6,-60
8,23,-56
10,10,-64
15,23,-30
26,9,-83
21,11,-62
15,10,-72
11,8,-59
13,13,-57
10,7,-52
11,6,-57
10,12,-54
6,14,-76
5,14,-63
-1,12,-58
-6,16,-61
-10,15,-67
-9,14,-79
-17,20,-58
-18,26,-56
-18,25,-49
-12,29,-57
-15,33,-51
-17,33,-54
-16,27,-54
-9,39,-46
-10,29,-79
-37,5,-3
-67,6,10
-65,-16,-15
-59,-17,-12
-66,-22,-2
-56,-27,9
-38,-49,11
-26,-65,9
-19,-67,16
-11,-59,9
-11,-58,8
-16,-59,0
-7,-55,-3
-5,-58,1
-8,-53,2
-8,-51,15
-6,-55,18
-7,-43,23
-9,-37,41
-10,-26,54
-5,-5,55
0,16,47
3,26,57
2,47,32
3,80,7
2,94,-3
12,83,-11
19,69,-39
18,46,-42
9,27,-58
11,22,-53
16,8,-59
19,9,-66
19,10,-66
18,-2,-63
19,0,-58
13,-24,-74
12,-48,-46
52,-47,-116
42,75,-40
30,56,-59
17,54,-41
18,49,-31
25,63,-36
16,48,-31
23,55,-36
22,58,-33
19,57,-29
19,55,-30
17,58,-28
11,57,-27
10,57,-39
10,59,-53
16,48,-62
12,19,-82
13,53,-27
16,42,-34
10,43,-33
10,56,-36
9,57,-32
10,55,-40
13,58,-55
16,51,-59
15,37,-70
13,35,-50
14,46,-37
15,44,-51
18,37,-53
12,31,-79
13,29,-55
13,31,-57
13,22,-48
8,10,-68
7,17,-65
9,11,-59
7,12,-43
4,16,-55
8,19,-63
6,12,-53
9,30,-68
5,28,-67
-3,20,-61
-4,13,-63
0,29,-55
-4,20,-62
-10,9,-74
-4,22,-64
0,24,-53
5,24,-68
-3,12,-58
-1,18,-52
3,15,-62
5,5,-70
0,14,-54
6,17,-61
3,4,-67
6,9,-46
12,19,-82
14,4,-81
16,6,-67
12,12,-57
13,11,-55
16,18,-60
10,10,-53
9,13,-64
9,18,-68
7,11,-70
7,21,-48
2,13,-65
4,12,-72
1,17,-68
5,25,-49
2,20,-44
-1,8,-65
-2,12,-64
-3,4,-71
6,20,-43
-1,21,-58
0,16,-68
-3,13,-53
1,6,-51
8,11,-62
5,19,-61
5,10,-73
11,9,-75
19,23,-77
15,16,-54
20,11,-43
11,10,-53
11,1,-52
14,8,-53
8,24,-68
12,14,-67
7,19,-66
7,12,-54
5,16,-63
8,17,-65
7,27,-70
4,16,-69
4,22,-66
-1,27,-49
-3,27,-58
-2,28,-60
-9,10,-61
-2,21,-57
-2,25,-59
-5,23,-52
6,31,-46
4,30,-59
7,32,-64
10,26,-60
3,31,-57
6,23,-68
12,21,-74
13,22,-49
16,18,-64
15,21,-77
10,14,-50
14,23,-60
21,29,-59
14,15,-59
13,29,-57
10,31,-60
9,32,-58
9,26,-55
6,24,-56
4,28,-59
9,26,-66
1,19,-64
0,21,-60
-1,22,-55
3,29,-56
-5,13,-64
-7,8,-58
1,23,-66
4,21,-69
2,19,-62
8,28,-62
5,19,-60
6,18,-61
4,22,-60
5,21,-67
2,13,-67
10,7,-69
8,11,-63
11,14,-62
13,16,-66
13,17,-59
4,15,-59
5,21,-64
14,21,-64
7,18,-52
10,32,-75
9,20,-63
6,21,-64
3,22,-63
0,18,-60
0,17,-73
0,23,-61
3,32,-62
-1,24,-60
0,16,-59
-2,15,-62
0,28,-59
-2,23,-60
1,21,-39
9,36,-61
5,26,-59
8,21,-59
4,19,-59
4,19,-63
6,11,-71
10,13,-68
18,17,-68
13,14,-69
14,9,-70
14,14,-61
12,13,-60
11,11,-58
9,16,-59
10,16,-56
6,15,-55
7,27,-53
3,16,-64
2,18,-63
-5,11,-62
-13,14,-71
-3,37,-59
-11,33,-54
-15,28,-47
-11,34,-51
-15,36,-59
-17,37,-59
-18,35,-56
-13,33,-44
0,53,-55
-25,14,-32
-49,-12,4
-56,10,-1
-68,-15,4
-68,-12,6
-50,-17,6
-38,-54,23
-22,-62,16
-21,-70,11
-15,-60,13
-11,-56,-2
-5,-63,22
-4,-57,9
4,-25,17
-1,-31,46
-2,-11,48
-1,-6,61
1,23,43
2,36,43
5,66,20
15,106,0
16,85,0
17,68,-27
22,56,-33
16,34,-44
18,29,-55
22,16,-62
20,1,-54
17,0,-60
21,0,-60
29,20,-62
17,-23,-82
13,-28,-104
4,16,-96
34,-7,-36
1,27,-59
-25,42,-11
16,54,-32
29,44,-71
11,45,-26
18,43,-47
17,42,-45
22,43,-46
14,41,-45
20,43,-45
17,48,-39
14,52,-45
16,44,-61
19,34,-64
20,20,-74
15,32,-35
24,38,-29
22,37,-40
16,45,-37
18,49,-35
19,58,-35
19,53,-55
16,41,-50
18,44,-63
12,25,-77
22,42,-36
21,32,-51
8,18,-52
22,30,-52
19,32,-58
15,25,-61
14,20,-61
18,28,-73
16,15,-73
8,12,-56
2,18,-48
7,14,-57
8,20,-63
6,16,-64
0,16,-64
-2,8,-61
9,24,-70
-1,4,-71
-2,11,-66
0,12,-64
4,15,-62
-3,8,-57
4,23,-57
0,24,-64
-5,15,-61
0,20,-72
3,20,-70
5,17,-61
-2,11,-54
0,7,-52
2,6,-73
10,8,-63
4,8,-69
9,5,-64
12,6,-73
9,0,-67
10,12,-57
13,16,-54
11,16,-67
9,9,-51
8,8,-59
9,11,-58
6,15,-65
2,11,-66
-2,14,-59
3,16,-75
2,15,-75
-1,24,-67
0,23,-58
0,23,-66
-2,24,-71
-7,12,-54
0,25,-54
1,25,-59
-2,22,-65
-3,24,-54
-12,20,-63
-10,23,-57
-11,28,-59
-15,22,-56
-16,28,-60
-7,-1,-51
-2,20,-90
-9,19,-60
0,12,-70
4,13,-63
3,12,-64
-1,18,-63
4,17,-71
11,10,-64
13,11,-66
13,15,-59
9,7,-62
13,14,-64
7,14,-62
10,16,-57
9,21,-59
11,21,-61
10,21,-66
10,19,-55
5,17,-60
6,20,-64
4,22,-68
2,20,-72
-4,21,-61
-2,28,-55
0,29,-52
0,22,-56
-2,26,-62
4,36,-62
1,29,-54
2,34,-55
4,36,-66
0,20,-59
2,33,-54
1,24,-60
7,22,-67
7,11,-67
7,18,-63
16,19,-65
11,10,-73
8,17,-52
8,18,-63
5,18,-61
9,26,-52
11,28,-58
8,28,-62
10,30,-62
4,24,-61
2,23,-58
5,28,-62
2,23,-68
-1,22,-64
-2,23,-58
0,24,-54
-5,14,-64
-4,21,-64
2,24,-61
1,20,-48
2,26,-59
2,29,-63
1,20,-52
3,26,-62
1,20,-55
5,18,-64
8,25,-66
7,15,-72
6,19,-64
12,17,-63
12,18,-60
5,24,-67
9,25,-64
13,34,-56
9,27,-53
8,28,-58
10,33,-53
9,30,-52
8,30,-61
5,26,-57
4,29,-56
5,26,-72
2,24,-66
2,37,-60
2,26,-64
4,24,-55
3,27,-59
1,32,-58
1,28,-56
3,32,-51
2,37,-58
4,35,-59
5,30,-60
5,23,-68
5,32,-50
2,22,-59
7,15,-63
10,26,-66
13,22,-64
8,13,-62
10,17,-58
11,21,-51
11,26,-66
12,22,-64
12,22,-64
12,20,-60
9,19,-62
6,18,-63
5,15,-62
-1,17,-59
2,21,-66
-2,13,-71
-3,19,-64
-6,24,-61
-5,27,-53
-7,21,-58
-9,18,-64
-2,34,-55
-3,29,-52
1,33,-56
2,32,-60
5,29,-54
14,39,-55
10,24,-59
13,28,-49
13,32,-72
20,33,-60
14,18,-73
12,17,-50
20,20,-55
24,29,-54
26,29,-61
25,25,-55
31,25,-33
43,5,-23
68,-1,-29
70,-5,-10
60,-24,-2
53,-36,-1
46,-59,10
38,-57,6
17,-67,0
2,-54,7
-9,-58,2
-9,-59,8
-16,-55,4
-13,-52,11
-11,-47,16
-13,-46,22
-16,-50,26
-13,-35,33
-11,-22,46
-15,-24,60
-6,8,58
-2,22,47
-2,54,41
3,90,23
12,86,18
15,69,-9
24,63,-34
21,37,-33
21,35,-49
21,26,-61
19,6,-59
20,1,-62
20,2,-66
20,-2,-66
18,0,-62
24,3,-73
15,-39,-55
1,-65,-82
-6,7,-95
10,43,-40
32,50,-83
33,51,-73
29,56,-51
17,52,-26
22,48,-34
26,54,-32
23,55,-30
24,51,-32
22,51,-33
16,54,-24
19,56,-28
17,58,-36
21,57,-47
23,48,-54
18,17,-73
18,46,-36
22,46,-26
23,50,-27
17,54,-24
15,60,-19
15,62,-24
14,64,-38
15,55,-44
17,46,-58
16,48,-40
15,47,-46
13,39,-40
20,38,-56
14,36,-43
15,37,-54
15,27,-60
14,27,-59
17,26,-60
13,21,-69
9,25,-62
12,20,-58
2,17,-57
6,22,-54
1,17,-51
-3,15,-66
-2,23,-66
-1,21,-76
-2,19,-58
-4,28,-60
-4,26,-62
1,22,-53
-1,27,-66
-1,24,-53
4,34,-64
1,25,-45
4,27,-60
2,22,-60
6,11,-66
3,22,-62
7,22,-62
11,14,-72
11,23,-58
10,10,-50
10,5,-57
9,4,-68
12,14,-66
7,0,-48
12,19,-63
9,9,-61
13,17,-66
12,21,-58
10,16,-63
4,17,-58
0,20,-66
1,21,-68
-3,20,-65
-4,27,-54
-5,20,-62
-2,16,-55
-3,19,-66
1,26,-62
-3,23,-58
1,23,-49
6,33,-57
6,25,-60
5,21,-58
4,14,-57
2,19,-54
5,16,-69
6,14,-80
8,7,-71
14,17,-65
12,22,-70
4,11,-48
4,13,-62
15,26,-62
9,22,-73
7,20,-54
10,20,-56
13,19,-63
10,23,-59
3,21,-51
6,31,-63
3,12,-67
2,7,-69
3,27,-63
-2,20,-58
-2,19,-67
-5,20,-62
-7,13,-62
-1,18,-63
2,22,-60
1,15,-63
3,19,-61
2,4,-66
5,5,-62
1,21,-69
4,14,-70
5,5,-60
8,23,-64
11,11,-69
11,16,-52
11,12,-61
11,11,-62
15,19,-61
12,22,-63
10,27,-50
10,25,-53
10,25,-52
12,19,-59
5,20,-60
2,19,-54
9,30,-60
6,16,-73
4,23,-69
2,20,-58
-4,18,-53
-4,17,-62
-4,13,-64
-8,12,-60
2,16,-56
-3,14,-63
0,18,-63
-2,23,-53
1,16,-60
4,24,-63
1,15,-60
3,18,-63
2,10,-60
10,19,-59
15,17,-62
13,12,-72
13,17,-51
4,11,-54
7,18,-63
12,23,-57
7,19,-64
8,19,-65
7,18,-60
10,19,-66
7,14,-59
7,25,-55
5,22,-68
6,14,-72
1,19,-70
1,25,-62
0,25,-59
-3,14,-67
-2,18,-59
-7,12,-60
1,23,-59
1,22,-58
-4,18,-51
1,30,-58
3,24,-62
3,23,-57
3,20,-61
4,18,-77
8,12,-73
10,13,-71
11,10,-67
18,10,-66
17,18,-60
9,11,-60
13,22,-54
4,15,-66
9,22,-58
6,21,-62
6,21,-62
6,20,-62
2,16,-62
-3,12,-61
-6,23,-56
-6,25,-72
-11,8,-77
-16,23,-59
-20,24,-58
-13,31,-53
-16,29,-52
-12,34,-56
-14,37,-59
-15,35,-42
-7,50,-69
2,18,-70
-40,19,-11
-50,-26,15
-61,-10,5
-64,-10,7
-61,-18,4
-54,-20,13
-47,-50,22
-28,-61,23
-14,-65,16
-6,-67,7
-7,-66,1
-14,-59,-2
-8,-58,3
-6,-58,0
-5,-57,8
-4,-56,15
-3,-47,11
-4,-45,22
-5,-40,38
-3,-22,46
-5,-13,64
-4,31,45
0,41,43
-2,56,7
3,93,11
9,95,-21
8,78,-31
13,60,-41
8,41,-54
8,26,-61
13,17,-58
15,0,-58
17,4,-65
16,-2,-64
18,-9,-70
20,-10,-57
22,-38,-106
28,-44,-94
-4,87,48
-9,26,2
11,61,-31
20,52,-55
1,47,-19
19,50,-46
10,50,-31
14,53,-39
13,53,-40
16,58,-23
19,57,-23
18,59,-25
20,62,-19
16,60,-35
20,55,-47
25,50,-51
19,25,-68
17,47,-41
22,40,-29
17,50,-27
16,56,-25
14,60,-25
12,62,-21
11,62,-39
13,55,-43
9,49,-57
7,43,-56
9,41,-56
25,37,-64
13,28,-45
19,27,-59
16,20,-58
13,16,-54
12,11,-61
8,-9,-63
12,10,-63
10,10,-61
7,14,-60
11,14,-53
7,14,-53
6,15,-55
0,17,-59
0,16,-62
-1,14,-67
-4,16,-69
-5,18,-59
0,17,-61
-2,15,-61
1,15,-61
3,21,-59
2,15,-58
2,16,-62
7,16,-60
6,12,-61
11,6,-70
10,5,-64
10,4,-64
9,3,-74
14,-4,-70
13,0,-63
16,1,-77
11,-4,-64
6,-1,-64
10,9,-59
9,11,-55
6,10,-61
8,13,-64
8,15,-57
10,18,-57
0,14,-59
2,23,-61
2,14,-73
-3,29,-63
-2,36,-53
-4,28,-53
-2,33,-57
-1,28,-64
3,32,-66
-1,35,-54
-3,26,-41
4,39,-55
5,34,-54
5,29,-61
3,32,-58
2,23,-57
7,29,-59
5,11,-61
7,10,-65
14,17,-63
16,17,-66
10,13,-62
11,15,-65
12,21,-61
10,17,-55
16,25,-64
14,26,-61
10,17,-66
10,17,-59
7,15,-56
9,26,-53
6,16,-69
2,12,-68
5,22,-58
3,28,-61
3,23,-57
-5,6,-70
-2,23,-64
2,21,-60
0,21,-53
-1,21,-55
2,27,-55
1,20,-63
3,14,-66
9,27,-62
6,21,-67
10,10,-56
9,16,-62
13,13,-63
15,9,-73
17,18,-60
6,11,-54
14,22,-54
8,23,-44
10,25,-59
12,28,-59
10,27,-51
10,23,-61
10,15,-61
4,19,-58
4,20,-66
5,25,-69
2,20,-65
0,27,-60
-1,23,-59
-3,15,-60
-8,12,-67
-3,21,-59
0,20,-65
-1,21,-55
1,26,-59
0,19,-56
0,15,-59
7,19,-62
3,28,-56
5,16,-67
4,6,-63
8,11,-68
11,13,-58
13,12,-63
14,13,-51
12,15,-64
16,20,-61
14,21,-62
10,17,-50
16,24,-49
16,23,-57
12,14,-62
11,15,-69
8,20,-59
7,21,-70
6,11,-66
0,17,-61
5,25,-61
3,17,-54
-1,14,-65
-1,18,-61
-1,19,-61
-1,23,-53
2,24,-64
-2,25,-62
-1,17,-62
0,10,-62
4,22,-68
2,19,-65
6,10,-68
7,6,-58
12,6,-63
15,6,-69
19,2,-57
18,10,-58
12,8,-56
17,13,-56
10,13,-62
6,15,-52
7,16,-61
6,15,-69
4,17,-68
4,12,-64
0,9,-65
-2,16,-51
0,20,-64
-7,0,-75
-12,14,-60
-12,20,-58
-11,20,-65
-11,20,-61
-13,22,-56
-17,32,-52
-16,25,-69
-16,38,-33
-16,25,-70
-28,9,-4
-62,-13,-8
-52,-29,-22
-65,-23,0
-58,-22,10
-52,-23,10
-47,-42,28
-36,-56,15
-26,-53,12
-16,-55,8
-11,-63,-1
-15,-60,0
-13,-50,-1
-9,-57,-6
-9,-56,2
-9,-57,9
-8,-57,13
-5,-46,21
-4,-39,37
-4,-18,41
-2,5,53
-2,20,49
1,24,47
3,61,39
-1,82,11
4,98,2
8,87,-16
9,55,-30
3,42,-41
1,28,-59
3,19,-55
2,6,-64
4,4,-69
9,3,-69
8,-3,-67
12,1,-60
10,-17,-78
28,-36,-94
35,-97,-59
27,48,-48
25,61,-19
5,50,-34
20,62,-48
19,52,-53
13,59,-24
12,53,-17
18,52,-27
16,56,-24
15,57,-20
15,62,-14
14,60,-29
17,61,-43
12,60,-49
21,34,-78
23,58,-25
13,43,-29
14,47,-33
17,56,-29
13,57,-25
14,62,-20
12,64,-20
11,60,-25
15,59,-36
10,58,-46
11,35,-65
10,50,-39
10,48,-53
9,23,-35
10,24,-60
12,26,-59
13,23,-61
12,16,-69
12,18,-59
9,4,-61
9,12,-57
5,12,-57
8,17,-57
5,21,-57
4,17,-59
0,16,-56
-3,16,-66
-2,19,-63
-11,15,-75
-7,19,-69
-8,13,-57
-5,18,-51
-5,13,-62
-8,12,-67
-4,21,-65
-8,10,-53
-3,22,-46
3,19,-73
-1,14,-63
3,11,-66
6,21,-67
-4,4,-66
3,11,-64
12,17,-65
12,24,-70
14,15,-69
12,4,-65
13,14,-62
16,10,-56
6,11,-49
7,18,-56
5,14,-57
9,18,-63
9,18,-61
12,23,-72
-2,15,-60
6,25,-68
-3,9,-72
-8,6,-60
-4,23,-59
-5,22,-63
-6,20,-59
-4,22,-59
1,19,-63
3,23,-57
6,27,-57
1,24,-60
4,26,-62
0,12,-72
0,27,-60
7,14,-63
3,16,-66
10,15,-65
8,18,-61
10,11,-67
9,13,-60
11,12,-62
7,14,-58
12,15,-57
9,21,-66
9,14,-55
10,18,-54
10,20,-59
6,14,-63
7,16,-65
5,23,-56
6,27,-67
1,17,-69
1,16,-63
0,27,-54
-5,22,-61
-5,13,-65
-7,16,-60
-1,23,-60
4,23,-64
1,14,-59
-2,23,-56
3,21,-59
3,16,-67
2,22,-57
0,18,-61
5,15,-63
5,9,-68
8,13,-63
12,11,-60
12,17,-55
10,22,-60
10,19,-62
10,17,-60
8,24,-65
7,26,-51
5,18,-63
6,18,-52
7,18,-61
2,17,-56
2,22,-64
7,29,-74
-5,14,-69
-6,23,-58
-4,20,-59
-5,18,-58
-7,12,-67
-3,20,-62
0,18,-52
0,22,-52
2,22,-59
4,29,-61
5,21,-62
1,25,-65
2,26,-68
5,23,-66
4,14,-58
15,10,-71
18,19,-56
17,26,-55
11,13,-65
10,20,-61
18,20,-61
11,20,-59
18,26,-76
14,23,-56
9,20,-52
8,19,-64
7,20,-63
8,30,-54
5,19,-69
1,15,-62
-2,21,-59
0,29,-56
-5,15,-69
-4,16,-66
0,16,-60
5,23,-56
-1,16,-64
5,19,-58
-4,21,-55
-1,29,-67
0,19,-61
6,31,-63
0,18,-63
0,12,-72
10,13,-69
11,6,-72
10,5,-64
17,4,-66
12,13,-59
8,15,-65
15,14,-66
10,19,-60
9,14,-61
6,12,-59
7,17,-61
4,14,-65
-1,14,-65
-5,15,-61
-5,15,-73
-5,16,-64
-14,14,-59
-16,24,-56
-18,22,-53
-15,25,-56
-14,34,-54
-15,33,-59
-19,28,-58
-5,40,-47
-5,37,-83
-23,24,-35
-48,6,-6
-57,3,-5
-66,-4,-2
-65,-1,-1
-63,-10,6
-49,-18,11
-38,-45,17
-27,-62,21
-20,-60,4
-17,-64,5
-12,-61,9
-3,-56,12
-1,-48,12
-1,-50,28
-1,-41,27
1,-25,46
-5,-16,55
-3,7,54
0,24,53
8,39,43
-4,61,26
-4,89,20
2,81,6
8,80,-15
13,56,-32
10,40,-51
14,28,-56
15,6,-59
17,10,-64
16,3,-71
14,-2,-66
14,5,-68
16,-25,-82
21,-43,-66
55,-43,-120
11,55,-31
15,58,-69
11,44,-56
8,48,-43
16,48,-45
15,50,-35
21,51,-52
18,52,-40
19,50,-30
24,45,-33
26,48,-31
22,53,-29
24,56,-25
23,54,-36
20,48,-47
26,44,-62
20,12,-84
30,58,-37
22,37,-24
23,44,-29
22,53,-31
21,55,-30
16,58,-27
11,53,-37
12,55,-41
10,44,-57
8,24,-76
15,36,-58
26,30,-50
16,8,-58
18,11,-61
19,5,-60
16,1,-63
18,2,-55
22,13,-54
14,-12,-59
7,-7,-64
13,6,-46
8,2,-49
8,4,-62
6,7,-58
0,1,-60
-2,7,-73
-2,16,-64
0,11,-67
-1,4,-69
-3,9,-66
-1,14,-64
-4,4,-76
0,13,-64
-6,9,-53
0,34,-63
4,18,-69
0,11,-61
8,12,-55
7,22,-56
6,9,-60
16,10,-62
18,4,-63
19,7,-67
18,2,-62
15,-5,-59
16,10,-57
14,9,-66
8,9,-71
9,13,-64
10,18,-54
10,14,-57
5,9,-59
7,11,-62
6,24,-56
4,7,-73
2,11,-67
0,24,-61
0,20,-59
2,18,-50
-3,11,-66
-3,8,-60
2,23,-68
-2,17,-64
2,25,-70
8,30,-60
-3,17,-59
4,14,-57
6,21,-65
11,10,-77
7,0,-61
22,15,-65
16,7,-61
10,7,-59
11,16,-56
19,10,-80
7,22,-57
11,18,-51
9,17,-57
8,19,-54
9,23,-65
4,23,-56
6,27,-58
3,15,-69
3,20,-71
7,30,-61
3,26,-59
-4,16,-64
-4,21,-65
0,32,-59
0,29,-52
0,32,-49
3,35,-51
8,41,-53
6,31,-59
6,18,-50
2,32,-56
9,22,-62
12,16,-66
17,27,-59
15,19,-68
13,18,-57
9,18,-56
13,24,-55
15,24,-64
13,30,-71
11,25,-59
8,20,-66
9,15,-59
6,17,-58
6,16,-62
10,29,-57
2,8,-71
-1,16,-69
-6,26,-59
-7,19,-54
-10,11,-60
-9,13,-62
-3,12,-65
-2,17,-46
2,22,-58
-2,8,-63
5,27,-57
4,20,-66
5,15,-54
4,22,-57
6,19,-68
12,13,-68
12,18,-39
13,12,-58
11,5,-67
14,7,-68
8,9,-65
10,7,-46
10,13,-57
14,26,-71
10,27,-62
8,23,-63
7,20,-67
5,19,-65
1,21,-65
-2,14,-73
-4,25,-68
-9,25,-54
-10,23,-58
-7,14,-65
-3,10,-69
-1,26,-58
1,24,-59
-1,26,-65
-4,20,-51
3,22,-58
6,20,-66
2,13,-63
5,18,-64
7,19,-66
7,5,-74
12,16,-66
17,21,-56
16,0,-65
18,4,-62
15,16,-51
13,12,-56
7,10,-63
9,12,-55
6,21,-61
3,25,-59
-1,21,-59
-10,14,-57
-13,18,-61
-12,16,-63
-15,18,-71
-18,29,-57
-16,30,-55
-15,29,-54
-15,32,-58
-22,30,-55
-18,30,-59
-17,27,-22
-4,45,-81
-25,12,-23
-40,8,0
-63,-15,14
-64,-29,18
-54,-28,18
-50,-38,20
-30,-50,25
-18,-67,20
-10,-65,6
-4,-64,8
-5,-61,0
-9,-50,0
-2,-53,10
-2,-52,7
-6,-52,16
-6,-49,17
-5,-41,29
-3,-29,47
-6,-24,50
-8,-6,52
-2,29,52
3,36,40
3,88,14
-5,97,-1
11,95,-17
4,68,-39
5,45,-39
0,37,-55
2,25,-58
4,7,-59
0,0,-67
0,1,-67
-3,-5,-75
2,-24,-78
8,-36,-95
28,-8,-91
14,41,-83
-1,72,-29
4,58,-33
8,55,-39
14,59,-34
18,60,-32
9,56,-21
13,58,-29
12,57,-35
17,54,-37
17,55,-29
19,55,-20
19,56,-23
17,58,-36
19,54,-39
27,60,-50
27,32,-74
24,61,-11
21,46,-29
20,44,-26
21,55,-25
19,59,-21
17,64,-23
18,60,-27
18,61,-44
19,48,-50
18,24,-51
12,15,-26
17,31,-55
16,27,-53
15,25,-63
17,17,-57
12,17,-56
11,6,-63
8,11,-56
9,4,-62
7,11,-61
1,13,-59
5,13,-63
3,11,-53
2,13,-63
4,22,-64
-1,15,-65
-7,19,-68
-10,11,-58
-8,26,-53
-10,17,-61
-9,12,-68
-8,8,-60
-1,18,-53
-1,26,-63
-2,21,-61
2,21,-51
-2,17,-65
7,12,-56
6,16,-59
3,10,-76
9,5,-67
9,16,-68
8,3,-72
12,3,-64
12,11,-57
13,13,-60
11,7,-66
16,10,-56
10,16,-62
7,6,-57
9,7,-68
4,7,-60
8,24,-59
13,15,-69
10,15,-72
6,26,-59
6,22,-63
1,13,-62
1,9,-61
-2,11,-66
3,11,-66
1,23,-59
-1,15,-68
5,29,-55
5,17,-53
2,11,-65
5,24,-64
6,16,-67
3,4,-64
12,16,-65
12,11,-64
13,13,-63
13,11,-56
8,11,-62
14,13,-69
13,19,-64
12,16,-63
10,15,-57
10,13,-55
5,15,-56
6,17,-66
7,20,-65
2,17,-68
3,17,-69
5,31,-58
3,24,-54
-1,16,-66
-1,11,-61
-1,13,-57
1,19,-59
1,21,-58
3,16,-55
5,20,-60
6,13,-64
4,21,-62
2,19,-69
7,15,-70
10,13,-74
10,16,-71
12,11,-68
12,19,-59
11,11,-59
10,17,-55
17,22,-57
9,16,-59
8,24,-50
13,20,-64
9,20,-55
3,12,-66
6,21,-60
7,23,-69
6,19,-69
4,23,-73
-3,20,-53
-3,21,-64
0,23,-60
-1,13,-73
-1,21,-53
-3,15,-57
0,21,-54
2,25,-67
1,24,-62
3,23,-58
1,24,-69
4,22,-61
7,28,-73
8,16,-63
13,29,-63
11,19,-56
12,16,-64
10,16,-68
10,21,-63
10,23,-52
15,25,-63
11,32,-60
10,34,-51
10,32,-57
8,27,-51
7,27,-59
3,29,-54
5,29,-61
1,17,-68
-2,20,-64
-1,24,-59
-1,27,-52
-4,19,-59
-6,13,-63
-1,22,-63
-2,18,-52
-1,30,-67
-4,24,-61
-4,20,-50
1,20,-55
-2,19,-68
7,21,-68
8,29,-62
14,21,-64
14,10,-60
13,20,-58
13,9,-64
9,-2,-59
14,10,-62
11,15,-65
11,9,-55
7,12,-63
4,17,-52
4,20,-61
3,17,-59
-4,11,-57
-3,16,-63
-7,21,-60
-10,20,-71
-5,21,-63
-16,22,-57
-10,32,-57
-13,22,-57
-11,31,-58
-12,33,-56
-11,27,-53
-8,37,-61
-10,35,-58
1,46,-72
-28,25,-33
-52,14,-24
-62,11,-7
-67,7,-13
-67,-7,3
-62,-10,10
-50,-27,13
-38,-52,9
-22,-64,17
-15,-65,10
-14,-65,0
-12,-62,8
-8,-60,3
-2,-63,18
0,-44,23
-1,-36,32
-3,-25,45
-1,-4,56
1,16,53
4,43,51
7,42,36
0,91,16
3,89,0
9,77,-9
17,67,-34
11,45,-45
8,29,-51
14,24,-53
14,10,-62
14,8,-69
11,5,-68
16,9,-60
10,-2,-82
9,-42,-52
37,-23,-112
19,100,28
55,66,-68
14,63,-34
13,54,-48
10,52,-13
22,59,-48
17,53,-39
8,57,-27
10,54,-28
14,57,-24
10,57,-26
11,62,-25
17,57,-29
16,58,-51
18,43,-61
16,27,-63
15,44,-27
14,45,-34
15,51,-32
11,55,-29
11,62,-33
11,60,-39
16,59,-45
12,54,-47
15,38,-66
15,39,-53
13,43,-44
22,43,-36
28,24,-66
21,26,-70
14,25,-50
10,21,-60
14,17,-66
14,13,-71
14,13,-62
7,10,-49
10,10,-59
10,17,-68
8,15,-52
10,21,-54
1,11,-64
3,16,-61
4,18,-73
-2,9,-60
-4,16,-61
0,13,-57
-3,8,-69
1,11,-68
6,11,-61
2,19,-60
4,13,-62
8,16,-57
6,6,-66
10,9,-64
5,8,-49
11,5,-69
15,5,-65
13,13,-64
16,5,-56
15,0,-72
17,3,-61
10,-3,-57
12,5,-59
13,7,-53
9,12,-59
9,10,-62
8,10,-55
5,10,-62
1,14,-61
5,17,-69
6,17,-68
-2,7,-71
0,19,-56
-1,20,-56
-3,7,-59
-4,9,-67
2,14,-60
5,15,-56
3,15,-60
2,29,-63
11,24,-53
8,22,-58
4,20,-56
14,22,-73
11,17,-60
8,18,-65
15,15,-71
16,6,-57
8,8,-53
7,19,-49
10,9,-61
12,22,-64
11,18,-63
9,22,-58
7,18,-65
5,14,-67
3,22,-56
4,24,-62
6,20,-72
5,19,-68
1,29,-54
-2,23,-55
-3,15,-67
-4,11,-68
-3,10,-59
4,21,-62
3,13,-64
6,32,-58
2,15,-65
2,15,-66
3,23,-57
6,23,-56
10,16,-65
11,11,-62
13,12,-61
17,11,-64
13,5,-69
6,11,-59
10,12,-47
10,16,-51
11,19,-58
9,21,-63
9,18,-60
8,17,-66
6,20,-67
4,19,-61
5,16,-70
4,18,-63
-1,22,-58
-6,8,-57
-4,12,-64
-4,16,-63
2,25,-59
2,33,-57
0,24,-54
0,20,-67
-1,24,-49
10,33,-73
2,27,-61
4,24,-59
4,17,-68
11,16,-59
13,13,-76
18,21,-59
12,8,-62
11,16,-57
9,17,-56
11,11,-62
10,26,-58
11,30,-52
12,30,-58
9,25,-53
10,23,-59
6,21,-58
6,29,-54
5,18,-68
4,14,-65
0,25,-62
-1,26,-56
-1,26,-60
-4,19,-64
-3,20,-67
-5,19,-55
-1,30,-53
-2,18,-57
2,28,-59
3,22,-62
5,25,-74
1,25,-62
1,14,-61
4,12,-67
4,8,-63
6,4,-51
14,8,-62
14,8,-63
10,9,-59
11,14,-59
12,5,-62
10,10,-52
9,16,-60
3,13,-58
6,16,-65
4,13,-63
-4,11,-60
-7,22,-67
-15,17,-67
-16,8,-79
-19,24,-58
-26,20,-60
-20,23,-58
-24,20,-43
-23,30,-57
-26,27,-42
-14,53,-55
-5,30,-71
-22,4,-3
-79,-41,14
-63,-33,-19
-62,-16,3
-61,-29,-2
-53,-25,8
-42,-41,22
-23,-81,19
-10,-67,14
-6,-64,7
-1,-65,4
-12,-58,-1
-10,-50,-5
-6,-55,-2
-8,-59,9
-5,-54,7
-5,-44,23
-3,-29,48
-5,-14,48
-8,-1,54
0,31,54
-4,33,23
-2,88,17
1,96,0
7,79,-22
15,60,-44
12,49,-47
9,30,-54
10,19,-51
15,11,-65
6,4,-60
4,-2,-62
12,3,-71
13,-2,-58
17,-14,-97
43,-40,-84
35,115,60
-23,47,-4
6,65,-41
12,65,-31
10,64,-39
11,58,-29
18,63,-35
6,59,-16
8,58,-27
12,60,-23
15,57,-23
13,59,-21
14,62,-18
10,62,-17
11,63,-23
11,68,-40
16,67,-55
14,34,-75
16,68,-20
6,46,-29
3,49,-32
4,58,-30
4,60,-22
1,62,-20
-4,61,-21
4,42,-26
-4,41,-27
12,24,-78
4,11,-49
6,18,-84
5,9,-66
11,14,-54
10,15,-55
10,8,-60
9,5,-59
11,2,-56
10,8,-57
7,6,-67
8,9,-49
2,15,-54
4,14,-63
-2,20,-61
-4,14,-66
-2,10,-71
-8,12,-62
-2,4,-76
-3,22,-68
-8,21,-58
-9,10,-65
-9,15,-68
3,29,-59
-5,14,-63
0,16,-63
0,18,-54
-3,18,-56
-1,16,-63
0,6,-74
-3,9,-63
3,11,-71
4,9,-73
11,22,-62
9,13,-57
10,4,-54
7,5,-61
8,9,-61
8,12,-54
8,13,-74
7,16,-64
6,20,-62
9,20,-58
3,9,-59
2,17,-64
3,21,-79
3,16,-61
1,16,-65
2,25,-61
-2,22,-55
-2,14,-65
-5,16,-70
1,14,-68
2,15,-50
2,23,-54
1,24,-64
1,22,-56
1,19,-63
5,19,-64
2,21,-53
3,16,-67
4,17,-62
6,19,-66
11,18,-63
13,14,-61
9,17,-61
8,15,-63
5,16,-54
14,20,-62
13,30,-61
11,26,-53
10,21,-64
4,22,-57
5,18,-61
5,23,-56
6,20,-68
-2,8,-70
-3,16,-68
-2,23,-60
-3,21,-59
0,22,-55
-5,12,-63
-1,18,-61
2,24,-59
1,19,-51
1,14,-67
5,24,-71
1,13,-68
3,17,-59
4,14,-67
7,20,-65
14,16,-71
12,13,-64
9,6,-62
9,1,-65
19,14,-61
14,16,-63
13,16,-51
9,7,-60
7,13,-57
9,21,-60
6,14,-62
4,12,-64
3,12,-56
4,18,-64
-3,9,-74
-3,17,-60
-4,19,-61
-3,25,-57
-5,16,-65
-6,16,-60
-5,16,-54
-1,24,-61
3,27,-66
2,29,-48
3,28,-54
3,24,-56
4,29,-60
1,25,-58
6,23,-57
7,20,-64
10,14,-66
13,25,-64
11,14,-62
11,20,-55
8,16,-64
9,17,-60
13,26,-66
14,26,-59
13,28,-54
10,27,-56
10,20,-59
7,26,-56
3,25,-61
0,17,-73
0,23,-66
2,35,-49
-4,23,-63
-6,22,-65
-4,21,-65
-4,20,-64
-2,21,-64
-6,16,-53
-1,22,-53
-1,20,-59
1,19,-54
1,13,-56
3,15,-60
4,21,-72
5,19,-61
6,7,-71
11,16,-60
11,10,-71
13,5,-65
11,12,-59
5,5,-67
11,11,-66
6,10,-73
7,13,-67
2,14,-57
0,17,-62
-5,13,-62
-5,17,-55
-10,22,-57
-13,17,-73
-17,18,-66
-22,24,-58
-16,28,-49
-18,22,-60
-21,31,-54
-24,36,-53
-26,25,-51
-14,25,-52
-11,32,-59
-27,3,-18
-62,-12,1
-56,-18,0
-62,-22,0
-57,-35,15
-44,-50,15
-30,-71,15
-16,-65,5
-13,-62,1
-11,-65,7
-6,-63,2
-2,-58,14
-2,-53,17
1,-42,19
-2,-39,31
-5,-28,43
-1,-5,52
-5,4,59
-4,27,51
6,59,26
8,92,2
13,91,-3
15,74,-16
10,50,-34
16,49,-48
12,23,-61
16,16,-54
22,5,-62
20,-3,-59
21,1,-59
24,0,-61
21,-13,-62
21,-44,-64
21,-78,-63
-1,-128,-42
-10,59,-18
43,69,-50
15,33,-23
20,45,-51
12,47,-36
21,51,-44
15,52,-34
20,51,-42
20,50,-39
18,50,-36
18,51,-33
16,53,-29
13,56,-26
10,59,-27
15,51,-47
19,47,-54
26,36,-71
21,27,-54
19,40,-31
21,44,-27
22,52,-27
18,57,-22
15,62,-25
16,65,-42
15,45,-56
12,18,-75
17,33,-46
16,14,-61
13,18,-73
14,8,-59
15,10,-57
9,8,-60
10,3,-51
10,0,-56
4,0,-66
8,10,-65
11,6,-57
10,11,-56
8,11,-61
6,5,-65
7,5,-77
8,7,-65
9,3,-75
4,3,-68
2,13,-48
1,18,-69
1,14,-53
1,17,-64
0,12,-56
0,17,-59
2,24,-67
0,10,-65
2,17,-69
1,8,-67
2,17,-65
7,9,-62
10,5,-65
11,5,-68
9,9,-71
13,-10,-67
14,-3,-70
13,12,-50
11,10,-65
12,11,-60
10,9,-63
10,10,-55
12,14,-62
9,12,-64
11,8,-75
4,8,-52
5,15,-62
11,18,-66
-7,1,-70
2,19,-64
0,17,-55
-5,8,-64
-2,12,-72
6,21,-67
1,16,-57
4,24,-55
7,23,-59
0,18,-66
6,11,-66
2,9,-57
6,17,-53
9,14,-65
14,9,-57
12,17,-63
18,13,-70
12,-1,-55
18,4,-65
14,12,-63
13,8,-55
11,21,-54
8,18,-55
8,16,-55
7,13,-62
9,14,-59
11,23,-63
10,25,-62
8,11,-67
6,22,-69
1,20,-57
4,26,-61
4,25,-62
-1,12,-64
3,19,-66
2,19,-59
1,14,-53
5,24,-58
2,16,-57
5,10,-67
4,19,-54
6,15,-62
6,15,-71
10,11,-66
11,11,-59
13,13,-65
11,5,-67
11,8,-57
7,14,-61
12,14,-48
7,20,-49
14,23,-60
13,26,-57
12,26,-62
8,18,-58
8,23,-57
10,35,-56
4,22,-68
6,23,-64
0,32,-62
-1,25,-59
1,31,-59
-6,19,-59
-1,24,-61
0,30,-58
3,33,-55
4,36,-48
2,32,-59
1,27,-57
8,27,-67
6,23,-49
5,17,-54
12,17,-66
12,16,-61
12,17,-61
16,16,-68
13,15,-57
13,19,-62
12,18,-63
13,19,-59
9,23,-44
14,26,-61
10,27,-47
8,27,-55
8,28,-54
11,26,-57
8,27,-57
7,30,-62
7,25,-63
1,21,-67
4,30,-61
-5,22,-57
-2,14,-65
2,23,-61
-1,21,-61
1,23,-56
-1,22,-54
0,27,-59
4,29,-59
4,26,-62
1,16,-66
5,19,-65
2,12,-70
7,14,-79
7,6,-72
8,6,-63
8,2,-67
17,-2,-66
21,12,-54
12,6,-64
14,2,-61
16,3,-64
11,4,-68
12,7,-65
11,14,-66
7,8,-62
0,12,-66
0,19,-59
-3,24,-62
-7,18,-72
-15,16,-66
-18,23,-63
-20,24,-53
-21,27,-49
-15,17,-56
-15,38,-53
-14,35,-60
-24,39,-36
-11,34,-75
0,38,-41
-57,-7,19
-63,-12,16
-65,-17,17
-60,-23,32
-56,-28,7
-37,-32,15
-24,-64,33
-12,-64,19
-3,-61,12
-4,-62,4
-10,-67,-1
-9,-56,1
-5,-58,-4
-7,-53,1
-10,-59,14
-8,-50,9
-7,-53,28
-6,-31,34
-3,-15,48
-2,-1,49
-4,16,48
2,37,41
10,62,27
7,91,16
12,96,-1
12,76,-25
15,55,-39
9,34,-43
5,29,-51
5,10,-61
8,0,-59
9,-1,-61
11,9,-69
12,7,-70
10,5,-71
13,-43,-88
30,-46,-114
32,-21,-112
4,58,-26
29,56,-111
19,52,-54
11,50,-56
6,55,-25
10,55,-29
12,54,-40
12,49,-40
13,50,-37
14,53,-35
16,50,-36
16,54,-34
16,53,-31
14,56,-30
12,59,-27
10,59,-31
15,64,-46
20,57,-54
20,34,-71
21,48,-33
17,47,-26
15,43,-29
16,58,-26
14,58,-21
12,60,-17
8,65,-33
12,59,-40
11,42,-58
8,16,-47
3,18,-34
8,12,-53
12,22,-65
11,8,-58
17,14,-59
10,9,-64
8,3,-61
6,3,-63
8,2,-65
8,4,-58
7,7,-60
7,13,-57
2,15,-54
-1,7,-62
-4,3,-56
-5,18,-54
-1,15,-82
-2,13,-56
-9,23,-52
-8,17,-58
-2,20,-63
-6,11,-64
-6,15,-63
-9,6,-56
-10,13,-52
3,23,-68
2,20,-69
3,17,-62
0,20,-60
-2,8,-62
4,11,-73
13,-6,-72
11,6,-60
16,13,-58
12,-4,-69
12,2,-53
6,3,-61
17,9,-78
13,16,-43
9,14,-58
8,12,-60
11,14,-62
6,9,-64
5,18,-56
4,6,-72
1,9,-66
4,23,-65
1,24,-59
-3,5,-67
-1,9,-67
-4,7,-73
3,20,-65
-3,20,-52
1,23,-53
0,18,-61
1,14,-61
1,9,-65
-1,14,-59
6,17,-65
11,11,-68
7,7,-51
16,16,-67
12,6,-75
16,7,-68
14,13,-49
6,10,-58
13,8,-72
5,14,-63
9,20,-49
6,10,-56
0,15,-65
7,23,-65
6,33,-60
0,12,-69
-3,15,-66
-4,23,-58
-4,18,-55
-4,17,-56
-7,8,-73
-9,15,-54
0,14,-61
2,20,-60
-5,16,-66
3,27,-52
-1,16,-63
2,25,-63
1,18,-61
4,16,-74
12,10,-70
9,7,-50
10,9,-64
15,7,-61
12,9,-57
11,10,-61
15,15,-69
12,17,-51
7,4,-51
12,18,-57
15,19,-73
9,14,-53
5,8,-58
6,20,-60
6,23,-64
6,17,-68
10,24,-58
-4,16,-62
-3,19,-50
-5,14,-58
-7,8,-67
0,16,-65
2,18,-54
6,22,-61
2,17,-60
5,23,-55
4,18,-68
4,21,-60
2,16,-69
4,10,-62
10,12,-63
13,18,-63
11,8,-58
6,0,-75
10,8,-67
16,14,-66
9,14,-54
11,14,-53
8,21,-60
9,24,-60
9,25,-60
6,20,-64
6,23,-63
2,23,-66
-2,11,-68
-1,18,-68
1,22,-59
-1,27,-57
-6,19,-58
-4,17,-63
0,20,-65
2,24,-59
6,32,-50
-1,24,-66
4,29,-60
0,18,-70
1,23,-60
4,18,-63
4,7,-70
10,13,-64
11,14,-63
14,11,-64
11,1,-65
10,9,-59
9,10,-64
12,12,-57
6,7,-57
6,13,-59
2,9,-59
1,16,-58
-1,11,-64
-3,17,-61
-8,18,-61
-13,11,-66
-15,19,-66
-13,29,-67
-15,24,-50
-15,27,-53
-19,31,-61
-22,31,-52
-14,50,-60
-10,35,-66
-19,25,-21
-54,-7,0
-88,-64,33
-72,-10,-4
-61,-11,6
-41,-47,26
-25,-71,20
-11,-70,0
-4,-60,3
-4,-61,1
-2,-56,4
1,-62,1
-3,-49,-8
2,-40,19
1,-32,41
0,-15,48
0,0,59
0,27,53
2,46,45
5,69,15
2,96,9
2,91,2
6,71,-23
9,58,-40
7,33,-52
10,20,-58
12,10,-56
11,-1,-69
13,7,-68
13,-3,-59
20,3,-75
20,-28,-86
6,-50,-116
-9,-33,-83
-69,2,50
24,63,-31
20,49,-66
22,42,-36
17,47,-51
14,50,-38
19,49,-43
8,44,-32
18,40,-52
20,41,-46
17,43,-46
14,42,-44
13,48,-39
14,49,-38
13,45,-53
9,39,-71
6,26,-74
6,3,-76
12,34,-47
17,29,-44
15,34,-43
13,41,-48
14,44,-46
12,48,-53
9,35,-66
10,22,-69
2,-3,-80
12,24,-62
16,14,-55
41,-31,0
21,16,-71
14,0,-68
14,19,-61
11,-1,-56
12,-2,-58
6,-2,-59
5,-8,-58
13,12,-78
3,3,-56
4,3,-70
5,6,-63
6,8,-53
7,24,-70
0,7,-83
-1,5,-76
1,24,-63
-2,23,-63
-1,11,-64
-4,13,-77
-5,10,-63
-5,12,-62
-3,2,-57
2,18,-49
8,0,-63
6,15,-59
6,14,-58
12,5,-61
8,-2,-73
17,12,-52
16,7,-66
17,6,-65
11,4,-52
16,11,-61
11,9,-48
9,16,-63
14,29,-57
3,13,-65
2,7,-62
3,10,-56
2,12,-62
5,22,-73
-10,11,-76
-11,9,-53
-14,14,-58
-10,17,-56
-11,4,-66
-5,16,-77
3,21,-66
2,21,-62
0,12,-53
0,20,-62
5,13,-69
2,13,-69
6,25,-65
8,15,-68
12,4,-60
15,17,-59
19,12,-66
19,5,-72
10,-8,-64
14,9,-60
7,9,-48
8,9,-63
6,12,-52
10,17,-59
6,16,-67
2,17,-58
-1,15,-60
-1,19,-69
-3,20,-66
-5,12,-77
-6,19,-54
-9,18,-61
-5,20,-58
-1,23,-61
-5,19,-61
0,22,-51
3,27,-52
0,28,-69
-1,17,-49
5,21,-62
6,14,-68
2,18,-59
10,13,-62
9,11,-75
13,14,-57
16,13,-64
16,4,-75
17,4,-71
11,10,-61
11,11,-45
10,20,-52
5,12,-70
7,21,-62
5,11,-50
2,15,-61
7,22,-63
0,16,-66
-2,17,-69
-6,10,-51
-2,25,-53
-6,18,-52
-6,19,-56
-8,19,-61
-4,34,-62
4,35,-56
-1,33,-53
1,35,-53
2,38,-52
4,36,-59
17,37,-65
-2,25,-61
8,26,-61
12,25,-62
16,30,-71
12,30,-44
17,29,-51
9,17,-63
13,24,-51
10,21,-52
16,31,-92
7,28,-52
15,39,-58
7,20,-36
10,25,-57
11,27,-65
4,22,-51
1,18,-61
3,18,-69
-3,16,-65
-6,22,-47
0,23,-48
-7,14,-49
-5,12,-68
5,18,-56
0,21,-56
0,23,-57
7,23,-56
5,-17,-60
13,28,-51
5,14,-59
15,24,-71
11,12,-70
22,14,-71
32,20,-71
24,3,-59
27,2,-50
21,-2,-59
22,16,-51
29,31,-53
32,25,-41
32,20,-61
31,21,-41
34,10,-25
51,14,-43
60,15,-25
61,7,-18
62,-11,-11
69,-24,-20
72,-24,5
63,-37,5
48,-57,11
36,-52,18
9,-54,2
-5,-50,0
-15,-61,0
-6,-61,10
-8,-61,4
-12,-63,8
-12,-55,6
-13,-61,8
-10,-55,0
-10,-60,8
-7,-44,16
-8,-41,27
-10,-33,41
-7,-7,52
-7,-9,67
0,13,57
6,37,46
5,38,16
15,82,28
16,92,1
18,73,-12
26,66,-12
33,49,-12
38,44,-33
42,35,-32
45,29,-40
51,23,-34
56,20,-31
58,15,-36
67,22,-25
64,0,-40
60,11,-35
45,6,-37
33,0,-65
27,-14,-74
18,-42,-66
11,-29,-98
26,-30,-84
-51,45,-9
-4,52,-31
12,61,-33
5,49,-6
16,52,-15
-4,46,-15
36,57,-37
22,53,-36
25,51,-37
17,49,-25
32,53,-41
23,50,-26
25,54,-28
17,56,-24
20,56,-24
18,56,-33
21,52,-49
26,43,-57
21,19,-66
20,34,-32
25,47,-21
27,51,-19
27,52,-21
24,57,-18
20,62,-16
15,61,-29
9,56,-47
8,27,-69
-6,34,-55
26,32,-58
15,28,-59
22,18,-55
5,16,-51
0,13,-58
7,11,-56
3,3,-59
7,8,-60
9,1,-57
12,3,-63
4,2,-40
7,6,-61
8,-5,-70
-2,2,-42
10,14,-48
0,17,-58
-1,13,-68
-4,22,-71
-7,27,-81
-5,18,-65
-16,8,-48
-8,20,-60
-13,6,-63
-8,14,-67
-4,11,-50
1,27,-57
-4,6,-79
-2,7,-56
-3,11,-55
-4,15,-67
2,20,-61
2,11,-67
5,6,-76
7,12,-80
9,12,-65
13,6,-73
7,4,-47
7,5,-63
2,5,-66
11,18,-61
5,8,-73
6,17,-61
6,17,-43
10,29,-81
1,2,-73
-5,6,-63
5,23,-63
-5,8,-63
-9,23,-64
-7,23,-54
-3,25,-59
-6,18,-63
1,23,-68
0,26,-67
0,19,-62
-2,20,-51
2,21,-72
-2,22,-65
-7,10,-51
2,2,-86
10,22,-85
0,18,-64
1,9,-69
6,9,-62
11,9,-65
10,-8,-58
16,-5,-64
11,4,-59
14,7,-38
4,21,-66
8,13,-55
12,13,-60
5,11,-61
8,17,-63
7,13,-65
0,14,-61
-2,12,-58
-5,10,-68
-1,20,-72
-6,19,-53
-5,17,-63
-6,14,-59
-6,20,-69
0,31,-60
-3,23,-54
-2,25,-55
3,35,-58
4,33,-52
0,33,-48
-1,25,-61
6,35,-58
3,30,-57
5,25,-71
2,7,-68
8,18,-60
9,11,-72
8,7,-62
15,24,-63
4,19,-50
16,22,-67
4,21,-40
11,29,-54
12,27,-56
8,20,-56
6,21,-62
4,20,-60
2,22,-63
4,27,-61
-1,19,-76
-3,25,-70
0,29,-51
-4,29,-55
-6,22,-57
-9,19,-63
-10,21,-63
0,31,-61
2,24,-49
-3,23,-49
5,27,-70
3,29,-57
6,30,-69
5,36,-49
-2,17,-61
4,21,-62
3,12,-54
9,23,-60
7,17,-70
5,10,-70
10,27,-86
3,15,-52
8,24,-69
-4,16,-59
2,19,-55
3,19,-55
6,23,-70
5,18,-68
1,24,-56
-1,21,-65
-1,25,-66
-9,11,-61
-9,20,-55
-4,21,-59
-1,22,-65
-8,5,-53
-6,14,-61
-7,15,-75
-4,21,-55
-2,25,-60
-5,17,-65
-6,19,-53
-1,9,-75
4,23,-68
3,11,-55
3,8,-61
7,7,-66
10,1,-66
9,-1,-66
8,-1,-63
7,1,-60
10,1,-59
10,12,-65
7,12,-72
6,10,-65
3,12,-54
3,18,-60
-1,20,-53
-4,26,-55
-5,27,-76
-3,37,-55
-12,30,-56
-18,30,-38
-13,34,-47
-13,22,-52
-12,40,-53
-9,44,-62
-15,25,-43
4,43,-57
1,19,-65
-24,13,-18
-52,29,-66
-73,13,-13
-36,-39,8
-28,-68,15
-19,-69,6
-12,-65,2
-10,-63,-3
-12,-71,14
-10,-57,27
-10,-45,29
-4,-28,41
-4,-16,46
-3,-5,51
-1,13,70
9,40,43
4,38,22
8,73,14
13,89,-9
8,78,-7
15,57,-22
26,65,-39
7,36,-57
48,112,-29
33,55,-64
-22,17,-44
-26,17,-62
-17,-18,-10
-8,-39,-28
2,-2,-71
-3,-1,-62
1,-3,-66
12,10,-72
24,30,-30
13,-2,-58
16,-6,-61
16,-9,-60
17,-7,-61
17,-3,-62
23,-2,-70
22,-23,-77
29,-53,-87
2,46,-19
34,56,-59
25,74,-55
17,65,-43
23,47,-72
5,46,-38
8,42,-46
4,47,-33
15,44,-58
10,42,-50
9,43,-45
8,46,-41
7,48,-39
8,48,-36
5,52,-37
3,55,-30
3,56,-33
3,57,-49
5,50,-56
4,20,-73
9,44,-64
8,31,-64
30,38,-75
10,24,-48
14,20,-56
17,24,-44
16,17,-51
13,12,-56
16,4,-68
14,11,-66
10,15,-58
6,9,-62
6,22,-55
6,12,-57
6,13,-53
1,7,-57
1,22,-57
-2,3,-75
4,11,-71
2,26,-67
-1,17,-57
-1,21,-61
0,17,-67
5,20,-58
5,33,-60
-3,20,-58
0,17,-59
1,20,-56
6,14,-70
1,19,-49
3,17,-68
7,21,-71
9,14,-63
10,19,-74
13,9,-67
11,1,-71
10,8,-59
4,7,-65
12,16,-56
10,16,-60
9,20,-57
10,15,-60
6,12,-65
9,15,-61
4,15,-64
11,25,-68
5,14,-63
-4,12,-66
1,16,-61
-1,14,-60
2,10,-64
-1,7,-63
-6,0,-65
4,16,-61
1,12,-70
0,10,-54
4,21,-51
4,16,-62
1,19,-60
7,14,-75
14,16,-71
11,17,-60
11,18,-63
15,10,-70
16,12,-63
8,16,-60
12,18,-53
13,22,-48
11,31,-66
7,25,-55
11,29,-56
3,20,-58
4,25,-53
5,27,-62
5,17,-71
5,23,-64
-1,30,-54
-1,30,-57
-2,11,-66
-5,10,-67
1,24,-59
1,28,-55
1,29,-57
4,32,-54
4,22,-49
5,19,-63
7,29,-59
5,20,-54
10,21,-55
13,13,-62
13,17,-57
16,11,-62
15,12,-69
14,16,-69
12,10,-59
11,16,-58
8,21,-64
11,25,-57
9,20,-62
10,19,-67
8,15,-63
6,19,-60
8,25,-65
5,18,-66
1,17,-63
2,24,-56
5,26,-54
-2,11,-61
3,18,-63
2,12,-58
6,23,-60
4,17,-63
1,13,-59
4,20,-56
8,17,-62
4,19,-58
6,19,-65
8,16,-72
8,10,-71
14,13,-59
14,8,-70
9,-4,-72
9,9,-60
10,12,-61
10,18,-57
6,22,-57
7,20,-57
9,18,-68
6,20,-61
5,15,-60
4,16,-68
8,22,-66
7,14,-68
4,20,-67
1,22,-58
1,21,-56
-1,11,-61
-2,18,-61
1,18,-53
5,28,-64
4,18,-57
0,15,-57
4,20,-59
4,13,-68
1,25,-51
9,17,-68
13,26,-68
8,9,-60
5,10,-71
14,13,-69
12,5,-70
13,11,-54
13,13,-54
14,25,-56
11,15,-54
10,15,-62
10,15,-60
9,12,-57
5,19,-61
8,22,-64
2,10,-72
-2,16,-69
1,21,-60
2,20,-55
-2,11,-61
-2,13,-67
0,13,-54
-2,17,-64
-3,17,-58
2,25,-61
6,23,-65
3,25,-56
6,20,-64
10,15,-76
8,0,-68
12,22,-42
12,15,-56
16,15,-62
18,19,-51
22,24,-51
27,24,-51
27,25,-43
24,9,-41
40,-4,-28
72,2,-30
71,-4,-14
55,-30,-3
54,-46,-4
48,-52,2
43,-67,10
23,-58,0
2,-58,0
-5,-55,-6
-7,-60,1
-6,-51,8
-10,-51,7
-10,-47,19
-11,-38,33
-12,-22,40
-9,-14,54
-8,10,60
-4,36,54
2,47,29
6,89,23
10,103,-2
13,75,-21
18,67,-43
18,46,-48
21,44,-50
15,28,-55
17,16,-59
16,3,-62
16,3,-61
15,1,-68
20,7,-67
24,10,-66
19,-34,-72
28,-37,-88
24,-59,-46
-62,4,-64
23,77,-70
6,50,-21
19,51,-52
11,56,-30
21,52,-63
13,52,-37
17,53,-43
11,48,-32
12,51,-34
9,54,-23
8,57,-20
11,61,-20
11,61,-34
14,61,-45
22,51,-61
16,26,-72
21,56,-37
21,44,-25
19,50,-23
18,57,-21
15,62,-16
10,61,-25
12,58,-41
10,48,-55
10,29,-76
9,28,-55
15,22,-60
10,17,-59
9,17,-59
12,17,-57
13,13,-59
9,7,-50
8,-1,-66
2,5,-64
3,11,-63
7,18,-66
2,16,-55
-2,10,-60
-7,14,-69
-4,22,-59
-9,10,-65
-9,9,-60
-11,24,-53
-7,22,-59
-3,22,-58
-2,22,-67
-1,24,-59
-4,20,-55
-1,28,-54
-2,19,-53
1,18,-60
7,13,-67
3,17,-63
0,14,-64
7,16,-70
11,-2,-80
17,9,-72
14,9,-65
12,6,-59
11,8,-54
12,9,-74
18,11,-60
9,14,-71
13,20,-51
12,11,-61
10,17,-59
7,11,-64
8,14,-61
5,21,-67
1,11,-79
-4,10,-66
-4,22,-61
1,26,-67
-6,14,-65
-7,12,-62
-1,26,-69
1,17,-70
-5,10,-58
5,28,-58
0,14,-64
6,15,-72
0,18,-63
1,17,-62
7,10,-70
5,6,-66
10,4,-66
9,8,-64
15,9,-62
8,7,-51
9,10,-64
9,15,-64
10,13,-67
7,18,-64
6,17,-64
3,21,-62
6,17,-64
4,21,-63
0,22,-63
-1,19,-67
-4,13,-64
1,26,-64
-4,22,-45
-10,12,-62
-7,19,-63
-2,31,-67
-2,27,-60
0,34,-56
-1,33,-55
0,30,-55
3,29,-57
1,22,-57
1,25,-58
6,20,-68
11,19,-73
7,17,-62
8,16,-62
20,18,-59
12,10,-71
12,21,-55
13,21,-62
10,20,-57
11,21,-56
14,21,-57
11,23,-66
8,15,-54
4,16,-58
3,21,-56
10,24,-63
4,21,-75
-2,20,-67
-2,22,-61
-1,21,-59
-7,14,-60
-4,12,-63
-3,13,-55
3,24,-58
1,17,-67
6,23,-66
1,17,-51
3,22,-59
1,18,-61
5,21,-62
6,16,-61
8,9,-58
17,20,-63
15,14,-74
18,15,-66
17,22,-62
15,16,-62
18,21,-57
11,21,-45
12,26,-54
13,31,-63
13,31,-59
6,23,-60
8,25,-59
10,31,-55
7,28,-66
1,13,-72
-2,24,-61
-4,25,-57
-4,24,-56
-7,15,-62
-5,16,-58
0,26,-61
1,25,-55
-3,15,-58
0,28,-64
0,22,-56
7,22,-63
2,10,-68
2,18,-59
3,11,-68
10,11,-66
10,13,-54
8,15,-60
15,6,-67
18,6,-73
11,6,-75
10,13,-69
13,16,-63
8,14,-67
7,19,-53
5,11,-62
4,16,-61
0,18,-63
-6,17,-55
-5,26,-64
-11,28,-70
-18,21,-68
-21,23,-54
-18,27,-49
-16,25,-50
-16,34,-60
-19,34,-61
-15,38,-42
-8,35,-65
-9,31,-49
-27,17,-21
-38,71,-13
-60,-5,0
-63,-18,0
-52,-21,-5
-41,-44,26
-25,-66,26
-9,-62,2
-2,-64,10
-2,-62,4
-7,-60,0
-3,-58,7
3,-58,0
-1,-57,8
-1,-58,14
2,-60,17
1,-49,28
2,-37,30
-1,-26,46
-7,-22,48
-4,2,54
-2,20,41
2,30,32
1,69,16
-3,100,10
7,100,-5
4,73,-29
12,47,-41
10,32,-44
9,22,-57
11,3,-63
14,-7,-59
15,-4,-59
18,-2,-65
18,-13,-70
17,-15,-56
14,-49,-72
23,-45,-68
16,-2,-112
18,67,-102
13,47,-27
16,50,-61
10,48,-32
16,46,-45
24,49,-47
12,47,-42
16,47,-45
15,46,-46
14,44,-44
12,46,-38
12,49,-37
12,53,-35
12,55,-34
12,55,-52
19,46,-61
21,36,-66
23,36,-48
16,39,-27
18,42,-32
19,53,-26
17,59,-25
12,59,-23
17,58,-37
19,52,-48
21,41,-61
18,28,-59
21,48,-44
15,36,-48
20,18,-44
21,33,-65
19,20,-51
14,15,-55
17,20,-63
14,15,-71
8,11,-61
6,4,-54
10,14,-60
9,12,-58
9,11,-60
9,15,-57
6,7,-68
11,23,-73
7,13,-71
2,5,-66
4,22,-61
0,14,-69
-2,10,-67
-6,11,-57
0,23,-66
2,13,-57
-2,15,-61
4,21,-61
3,16,-61
4,10,-68
3,0,-47
4,13,-60
6,12,-70
12,8,-71
13,7,-63
13,10,-65
13,9,-61
14,8,-59
10,4,-67
10,12,-51
12,18,-54
12,20,-68
16,15,-57
12,22,-57
8,11,-57
3,10,-52
9,22,-76
7,20,-67
2,16,-72
-3,18,-57
-2,17,-63
-1,13,-68
0,9,-65
-3,14,-52
-1,24,-59
6,20,-59
2,18,-59
5,17,-55
2,5,-54
5,17,-57
5,11,-71
10,7,-67
14,18,-66
11,9,-60
15,0,-71
13,8,-50
12,13,-67
11,11,-64
11,12,-64
6,11,-60
8,11,-55
7,17,-62
9,11,-64
4,12,-58
7,31,-56
5,9,-73
1,9,-70
-2,16,-59
-3,16,-64
-3,15,-59
-6,6,-63
3,21,-64
4,18,-53
6,23,-61
4,14,-65
4,16,-58
2,7,-57
5,16,-63
7,21,-55
12,17,-69
17,14,-64
15,16,-67
16,10,-57
14,9,-57
13,13,-59
9,12,-54
15,15,-64
6,24,-69
9,21,-52
10,26,-60
10,29,-54
9,14,-61
9,22,-57
6,24,-65
9,20,-75
4,18,-71
4,33,-57
0,26,-52
-5,14,-67
2,31,-61
1,19,-62
0,25,-51
4,33,-50
4,32,-57
4,30,-56
5,24,-64
0,18,-54
7,30,-54
12,29,-65
11,20,-64
8,22,-60
13,18,-64
16,23,-56
14,19,-64
15,28,-49
11,21,-58
14,24,-73
10,28,-58
10,31,-53
10,24,-53
9,21,-62
7,20,-62
4,19,-61
5,19,-69
4,18,-63
-3,20,-59
-2,25,-61
-1,24,-58
-3,20,-64
-3,17,-59
-3,14,-61
-5,18,-57
1,17,-66
-2,19,-54
2,19,-65
5,21,-65
1,15,-64
3,14,-66
8,15,-61
10,15,-74
14,15,-69
12,3,-75
11,2,-59
14,0,-58
14,10,-66
13,11,-51
11,13,-58
9,14,-59
9,18,-61
7,16,-64
2,17,-64
2,16,-64
-3,15,-61
-6,16,-65
-11,9,-66
-22,23,-47
-22,28,-52
-19,22,-47
-17,15,-48
-15,25,-49
-25,20,-63
-18,26,-47
-10,46,-59
-13,25,-60
-21,32,-34
-56,0,-13
-62,-5,-14
-59,-12,0
-60,-12,-1
-59,-34,4
-48,-50,20
-43,-46,10
-38,-52,10
-29,-61,7
-28,-64,-3
-31,-58,0
-30,-63,9
-16,-60,-4
-15,-54,7
-11,-50,15
-10,-43,24
-5,-28,40
-6,-17,46
4,21,58
-1,31,50
1,43,15
0,85,20
6,101,1
14,76,-22
15,57,-36
12,46,-46
9,30,-61
14,22,-57
12,1,-62
9,1,-65
12,2,-68
17,2,-76
15,-9,-79
16,-41,-84
29,-53,-89
42,66,43
17,74,-35
12,70,-34
10,59,-25
4,47,-31
16,54,-32
5,57,-21
16,59,-38
13,57,-36
12,54,-34
13,58,-33
12,56,-28
9,57,-27
8,60,-23
3,63,-28
11,60,-42
16,59,-55
17,46,-58
14,39,-53
14,46,-28
11,46,-19
11,58,-22
11,60,-16
9,63,-18
10,66,-26
11,65,-37
16,58,-44
17,40,-62
15,54,-41
-6,-18,-55
17,29,-50
13,27,-65
6,19,-58
12,19,-59
14,17,-65
8,7,-57
7,12,-64
2,18,-58
4,21,-57
-2,15,-52
-1,14,-59
-2,13,-60
-4,19,-61
-10,10,-70
-6,14,-64
-7,22,-62
-1,22,-59
-6,5,-66
-1,15,-65
2,16,-67
-7,7,-49
-5,20,-54
-6,13,-56
2,23,-60
3,8,-67
1,18,-63
4,10,-71
7,11,-67
1,0,-54
15,15,-63
11,11,-57
11,6,-72
11,10,-72
4,13,-55
14,12,-52
11,16,-63
11,16,-61
7,11,-62
8,13,-68
7,20,-65
8,23,-57
5,13,-67
0,7,-67
1,18,-63
-6,9,-62
-2,8,-67
0,15,-61
2,15,-68
3,17,-64
2,19,-54
3,27,-61
4,22,-59
1,16,-65
7,11,-57
0,18,-63
5,20,-65
8,14,-67
17,13,-70
14,16,-62
14,14,-66
13,10,-55
13,13,-64
7,9,-59
13,18,-59
9,20,-67
8,14,-62
11,21,-62
11,16,-69
6,22,-56
4,15,-61
10,18,-82
8,23,-61
2,24,-65
-3,15,-60
-1,16,-65
-4,6,-66
3,22,-58
6,21,-55
5,16,-58
6,20,-63
3,14,-58
1,13,-57
5,8,-62
4,19,-72
10,18,-66
13,0,-73
15,26,-61
7,7,-59
9,0,-67
14,17,-48
13,18,-53
11,15,-67
11,5,-69
11,18,-57
12,21,-56
8,12,-61
8,14,-61
4,8,-64
7,19,-61
10,27,-63
4,16,-67
-3,10,-68
3,22,-57
-1,18,-54
-1,9,-63
-1,14,-65
0,21,-62
2,26,-62
2,21,-69
-2,22,-55
1,23,-59
4,21,-67
1,23,-58
2,15,-66
5,22,-62
11,8,-67
15,20,-57
13,13,-70
12,12,-72
13,20,-53
8,16,-64
13,19,-56
7,18,-58
9,23,-57
10,22,-65
9,23,-64
5,17,-65
4,20,-59
5,22,-62
-3,7,-73
-1,14,-67
-2,17,-59
0,20,-59
-6,2,-65
-2,11,-60
-2,15,-69
0,14,-57
-3,15,-56
-1,22,-58
-1,20,-57
4,18,-70
5,24,-55
3,18,-65
10,16,-58
10,9,-65
17,18,-60
15,9,-66
15,3,-64
9,5,-65
12,8,-57
9,9,-64
7,10,-65
7,11,-63
4,14,-65
0,11,-60
-3,8,-62
-5,15,-63
-6,10,-73
-14,3,-72
-15,21,-62
-15,20,-58
-15,24,-55
-15,31,-61
-21,28,-61
-19,38,-58
-16,29,-51
-13,42,-64
-24,11,-25
-56,-9,-20
-74,-26,8
-65,-20,11
-50,-31,8
-31,-68,16
-19,-66,8
-11,-63,4
-7,-57,3
-4,-57,14
-1,-50,22
-1,-57,27
1,-37,34
0,-21,41
1,-3,44
-3,7,59
-3,32,54
3,49,31
4,71,31
5,100,14
5,91,-11
7,64,-31
9,51,-39
9,34,-47
12,21,-60
16,9,-59
18,-5,-63
22,4,-69
20,-4,-71
19,-8,-64
25,-14,-65
20,-55,-65
22,-40,-77
-41,-20,79
17,36,-3
19,57,-63
19,54,-24
12,51,-27
12,51,-36
14,52,-44
14,48,-41
16,52,-39
15,50,-37
18,48,-35
15,50,-32
11,54,-31
11,54,-40
13,56,-51
15,50,-63
24,40,-67
18,26,-53
17,41,-35
20,43,-30
17,51,-32
14,54,-28
10,57,-28
10,58,-41
14,54,-45
15,44,-56
13,30,-70
11,46,-47
21,34,-59
16,4,-83
11,16,-62
18,19,-54
15,20,-51
14,9,-59
13,6,-56
11,4,-66
6,6,-64
11,6,-64
10,9,-63
8,6,-70
10,8,-60
6,9,-66
2,6,-62
6,0,-77
4,10,-79
1,21,-64
-3,10,-57
-1,12,-57
-3,9,-66
5,23,-56
-1,21,-62
2,21,-52
-3,14,-60
4,24,-59
3,9,-60
1,16,-52
1,12,-61
14,14,-61
14,7,-59
10,7,-59
11,0,-70
15,3,-62
17,14,-55
11,11,-60
7,3,-61
8,15,-57
6,18,-54
9,15,-58
4,10,-72
5,12,-64
6,18,-58
7,18,-77
5,18,-68
-1,21,-62
-3,21,-55
1,15,-67
-7,6,-61
-3,17,-62
0,14,-57
-2,14,-58
1,12,-61
3,16,-63
2,14,-62
4,11,-69
7,21,-56
4,16,-63
9,5,-67
11,16,-62
13,5,-71
14,6,-64
13,14,-55
15,17,-64
13,11,-59
10,19,-54
12,23,-51
8,19,-58
9,18,-63
8,15,-67
7,19,-61
10,24,-55
8,14,-70
6,13,-71
1,21,-62
-1,18,-65
4,15,-63
-2,11,-66
1,12,-65
-3,7,-58
1,21,-53
3,15,-65
5,18,-66
8,17,-60
10,12,-64
4,20,-60
10,20,-58
12,17,-66
17,22,-64
9,10,-58
15,8,-69
20,14,-63
15,14,-69
11,13,-60
8,12,-56
12,19,-63
11,19,-60
11,14,-61
10,17,-61
6,13,-58
8,25,-51
8,23,-66
6,11,-74
0,17,-62
-3,18,-53
0,24,-54
-4,13,-62
-4,15,-62
-3,22,-52
0,29,-56
-2,21,-55
0,35,-62
4,29,-67
7,24,-61
2,26,-54
5,23,-59
11,18,-66
22,16,-72
10,19,-54
11,15,-57
12,-1,-70
12,19,-64
15,21,-74
11,14,-65
10,19,-60
10,21,-54
12,24,-48
10,20,-66
5,14,-62
7,19,-58
5,23,-63
4,17,-66
3,22,-70
1,27,-56
-3,18,-55
-1,17,-65
4,28,-66
3,13,-51
7,30,-63
-2,15,-52
-2,15,-60
4,24,-60
5,18,-69
4,13,-60
3,24,-54
5,21,-67
5,10,-55
9,7,-56
11,13,-50
14,-2,-74
15,6,-68
13,7,-59
12,10,-57
9,17,-54
7,13,-59
8,12,-69
8,14,-68
5,17,-65
-1,16,-61
-2,19,-58
-5,19,-64
-15,10,-76
-15,24,-58
-20,23,-58
-18,25,-56
-17,25,-58
-18,32,-50
-19,34,-52
-21,35,-56
-16,27,-44
-1,54,-81
-16,19,-25
-66,-11,17
-64,-21,-1
-68,-19,-3
-61,-14,4
-59,-13,0
-43,-39,4
-25,-72,18
-13,-59,9
-10,-60,7
-14,-67,3
-10,-59,-3
-8,-58,5
-4,-51,7
-8,-49,10
-5,-45,31
-1,-21,43
0,-19,44
-5,4,61
-1,33,54
3,48,24
-3,93,13
1,99,-12
7,80,-22
10,65,-40
9,41,-56
-1,21,-54
6,23,-60
8,3,-67
5,5,-60
6,0,-71
14,8,-73
4,-37,-67
27,-20,-124
-52,24,0
20,100,-81
20,70,-83
4,58,-32
7,63,-28
10,60,-33
5,61,-26
8,61,-27
9,58,-32
12,60,-31
11,59,-30
10,57,-27
9,58,-28
8,57,-20
6,62,-16
7,66,-22
8,69,-37
10,63,-42
14,62,-62
8,51,-26
8,49,-23
8,49,-23
6,60,-18
5,62,-18
6,64,-15
4,67,-17
5,71,-26
5,63,-41
4,49,-66
11,47,-43
17,36,-37
5,16,-67
8,20,-63
11,22,-57
12,20,-67
12,17,-62
7,5,-56
5,10,-52
7,10,-50
5,13,-52
4,22,-64
0,18,-57
-1,27,-68
-6,21,-65
-8,15,-68
-12,15,-60
-7,34,-59
-8,20,-61
1,19,-66
-3,18,-64
-3,14,-58
-1,22,-58
-3,14,-47
2,21,-58
1,11,-59
4,9,-62
3,12,-62
1,11,-64
5,9,-69
9,14,-53
8,11,-56
8,7,-66
10,3,-59
10,15,-69
10,11,-62
14,11,-58
10,13,-64
12,19,-62
8,16,-61
7,14,-63
3,15,-61
1,17,-61
-4,11,-65
-3,18,-74
-2,21,-61
-5,21,-60
-5,10,-66
-4,18,-64
-5,10,-57
-6,13,-58
-4,18,-51
-2,14,-58
0,23,-58
5,17,-58
6,26,-68
2,13,-57
4,12,-70
10,4,-77
10,13,-58
8,13,-58
6,2,-73
11,10,-66
7,9,-59
9,10,-60
9,10,-53
9,17,-62
9,17,-73
5,16,-56
4,13,-63
3,16,-64
5,22,-60
7,11,-72
3,16,-66
1,24,-58
0,24,-59
1,16,-66
-4,7,-66
-1,13,-67
-1,13,-58
-1,32,-56
1,23,-55
-2,20,-55
3,22,-62
5,16,-68
3,19,-59
2,19,-69
7,8,-70
14,17,-62
9,12,-68
7,5,-63
8,5,-60
7,9,-52
12,17,-63
11,14,-68
9,15,-64
10,16,-64
8,16,-56
7,15,-68
4,13,-63
8,22,-57
5,16,-66
1,13,-70
-2,17,-66
-1,20,-58
2,24,-55
-6,10,-65
-4,16,-64
-5,18,-61
1,17,-50
0,26,-63
2,25,-59
5,22,-65
0,17,-60
6,23,-60
6,24,-62
3,16,-71
8,12,-80
7,14,-63
11,13,-64
9,11,-57
9,14,-59
7,11,-68
8,20,-56
9,22,-58
11,27,-58
9,31,-60
7,25,-67
7,22,-57
6,25,-59
7,25,-59
4,18,-73
3,19,-70
-3,27,-62
-3,19,-55
-5,15,-62
-4,17,-64
-5,21,-58
-2,24,-59
-3,20,-57
-2,19,-53
4,26,-65
1,18,-61
1,14,-55
0,12,-56
3,14,-75
8,12,-72
16,17,-73
9,0,-72
9,0,-65
13,3,-61
10,9,-59
11,12,-54
12,17,-59
8,14,-62
8,14,-57
5,14,-61
1,15,-59
-2,9,-63
-3,20,-62
-3,21,-65
-10,5,-75
-14,13,-57
-11,21,-56
-15,22,-56
-11,26,-50
-14,33,-57
-18,39,-58
-14,34,-46
-9,34,-71
-15,21,-55
-30,25,-21
-77,-8,-7
-59,-6,-13
-66,-16,-2
-61,-17,10
-43,-44,18
-31,-67,27
-18,-64,14
-6,-62,11
-6,-63,3
-9,-60,-1
4,-54,7
3,-52,9
5,-43,23
5,-27,38
1,-17,44
2,9,58
-1,23,52
5,37,24
3,86,13
5,97,-3
11,78,-19
14,60,-39
12,43,-40
9,31,-58
9,9,-59
15,0,-52
15,-3,-60
19,-2,-67
21,-5,-72
26,2,-80
23,-49,-88
29,-41,-110
-86,31,-112
5,48,2
17,49,-36
17,62,-22
16,59,-33
13,53,-31
15,57,-33
18,51,-48
17,55,-42
15,51,-37
18,50,-36
15,53,-33
19,53,-33
15,54,-31
16,54,-26
16,56,-30
24,62,-52
30,54,-58
23,16,-67
27,59,-21
29,38,-22
25,42,-23
25,59,-21
20,59,-18
18,58,-18
19,66,-29
20,58,-38
22,51,-55
21,43,-47
15,50,-44
23,70,-67
23,23,-57
15,23,-54
10,8,-56
11,7,-59
11,7,-69
13,4,-67
11,10,-55
12,10,-59
11,17,-59
7,12,-66
9,16,-56
10,15,-57
9,15,-65
8,13,-70
2,7,-67
-3,11,-67
-2,18,-60
-4,7,-54
-2,8,-72
6,19,-65
-1,12,-62
1,19,-56
1,17,-57
3,23,-65
3,9,-58
6,11,-63
5,11,-61
5,4,-74
10,2,-68
9,1,-68
17,7,-65
10,-6,-54
9,1,-65
6,2,-63
13,9,-58
12,12,-54
9,14,-52
9,15,-61
5,4,-57
6,6,-66
10,15,-66
5,10,-70
4,6,-66
-8,7,-58
2,17,-63
5,15,-64
-3,5,-68
-2,5,-66
2,14,-59
4,19,-69
2,11,-66
2,14,-62
6,11,-61
4,19,-60
6,18,-61
8,11,-64
11,8,-72
15,6,-65
12,-1,-77
14,14,-60
8,12,-51
12,13,-57
9,8,-59
10,13,-47
9,18,-57
6,12,-65
3,8,-58
4,13,-67
7,17,-75
2,12,-64
0,25,-62
-3,16,-64
-1,14,-68
2,17,-64
0,16,-56
0,14,-57
2,21,-63
4,25,-69
5,6,-65
4,18,-49
-1,9,-79
7,10,-69
15,18,-61
13,15,-65
11,5,-66
7,5,-52
9,6,-63
17,16,-60
9,16,-59
14,13,-62
10,11,-65
6,14,-58
11,22,-64
9,22,-63
4,22,-73
-1,16,-57
1,17,-59
0,5,-68
5,11,-60
5,11,-57
6,19,-60
6,17,-65
10,19,-58
6,15,-75
1,3,-50
12,11,-64
10,1,-64
17,5,-78
13,-1,-74
16,2,-69
14,15,-49
12,6,-66
16,18,-63
12,9,-74
10,19,-54
8,23,-56
9,25,-52
6,19,-72
4,22,-66
-1,20,-57
2,26,-58
0,16,-64
1,12,-72
4,22,-63
1,16,-49
0,11,-62
5,25,-57
15,16,-76
2,35,-64
6,24,-64
11,7,-60
-8,2,-36
9,11,-50
12,10,-59
11,6,-53
10,7,-68
11,11,-66
9,18,-69
8,12,-63
7,15,-70
-5,7,-52
-6,16,-62
-13,13,-76
-22,9,-58
-24,20,-58
-29,16,-52
-17,16,-70
-23,25,-55
-27,26,-57
-23,44,-38
-12,29,-71
-42,3,30
-76,-45,-30
-66,-8,-1
-65,-15,4
-48,-17,10
-34,-57,24
-22,-75,21
-10,-70,10
-8,-67,0
-16,-60,7
-15,-61,20
-12,-52,4
-12,-58,5
-11,-54,9
-9,-49,10
-7,-43,11
-7,-32,31
-9,-24,40
-7,14,62
-1,34,54
4,37,14
7,90,15
8,105,13
13,90,-8
17,58,-34
12,39,-52
12,15,-56
19,3,-50
23,-4,-57
20,-5,-61
26,-6,-55
23,-23,-64
21,-54,-86
17,-103,-56
50,14,-4
61,-11,-58
22,63,-59
14,25,-89
2,-8,-70
8,57,-35
16,67,-36
11,30,-73
16,48,-49
7,42,-44
8,48,-41
7,51,-37
7,48,-40
9,39,-60
12,35,-75
9,11,-72
11,41,-44
13,33,-43
17,36,-42
15,46,-44
10,52,-41
5,43,-49
11,45,-56
10,30,-67
9,7,-64
10,34,-59
7,24,-56
21,27,-64
8,11,-71
15,20,-61
12,8,-60
11,7,-60
9,0,-54
6,7,-51
13,12,-64
5,10,-63
-2,22,-57
3,12,-59
-6,9,-66
-2,4,-70
0,17,-73
-1,20,-57
-3,14,-62
-3,6,-76
-2,9,-64
5,11,-70
1,0,-54
-1,4,-59
6,5,-74
2,24,-61
10,16,-58
14,2,-71
10,4,-65
11,1,-65
7,0,-57
11,-2,-70
8,-7,-40
14,14,-61
6,15,-57
8,5,-63
9,-3,-60
4,6,-57
5,16,-71
-1,8,-69
5,12,-68
-2,12,-51
-1,13,-63
-1,5,-65
-6,7,-60
-2,14,-52
3,11,-72
2,11,-66
8,7,-80
12,22,-57
8,2,-72
12,7,-72
11,37,-48
22,0,-101
10,4,-64
9,9,-72
9,-4,-56
14,9,-53
11,13,-69
7,6,-61
7,5,-58
6,19,-60
6,18,-76
3,14,-62
4,15,-67
5,14,-63
2,13,-70
4,11,-63
7,14,-55
3,7,-65
4,8,-63
6,13,-63
-6,-3,-64
4,19,-49
11,15,-67
8,7,-73
11,5,-67
16,19,-51
8,3,-67
21,12,-81
7,13,-50
8,9,-62
10,18,-63
10,20,-50
9,11,-60
10,15,-45
5,17,-61
7,16,-80
-5,8,-58
-3,22,-60
2,19,-59
-3,4,-63
0,4,-58
-7,11,-49
3,14,-69
-1,13,-51
4,13,-51
0,14,-76
2,26,-59
5,20,-75
24,24,-132
11,24,-65
11,12,-70
15,24,-62
13,24,-64
12,14,-57
19,27,-57
13,26,-66
13,28,-54
10,28,-52
9,28,-52
7,21,-67
-1,12,-66
3,20,-72
4,26,-50
3,25,-60
-1,15,-65
5,21,-53
3,24,-54
5,26,-64
-1,19,-50
3,22,-63
-1,22,-47
3,20,-63
13,34,-66
10,18,-63
13,36,-44
18,36,-62
14,21,-66
6,19,-55
15,25,-57
17,29,-57
14,44,-62
15,47,-49
9,33,-53
8,41,-46
6,31,-59
13,38,-66
3,33,-53
3,31,-59
3,28,-59
3,19,-64
6,22,-59
10,22,-48
8,16,-53
17,22,-62
12,18,-70
10,28,-49
10,15,-67
7,12,-59
18,28,-72
19,31,-59
16,23,-58
19,24,-49
20,13,-41
46,6,-33
76,-10,-30
72,-17,-4
67,-38,-3
46,-51,2
27,-52,6
12,-61,0
0,-63,-6
1,-62,1
-3,-57,2
-5,-47,16
-6,-41,20
-11,-32,31
-7,-10,50
-6,22,56
0,38,38
11,96,12
9,110,-7
10,88,-13
19,55,-51
18,39,-56
16,22,-63
22,13,-47
25,9,-58
19,2,-60
20,-1,-63
17,-14,-53
30,-77,-90
-72,-32,-33
79,44,-10
29,-2,-43
36,44,-58
7,44,-38
16,36,-64
28,40,-72
13,38,-50
16,41,-46
15,41,-49
14,40,-45
10,42,-43
12,46,-51
16,46,-58
12,30,-73
20,0,-74
24,39,-36
30,34,-39
22,31,-39
19,44,-44
18,50,-47
12,44,-46
18,45,-57
16,32,-67
17,8,-82
13,32,-43
22,22,-50
17,14,-43
15,27,-52
12,9,-63
14,14,-63
14,2,-77
17,13,-54
8,11,-61
11,17,-48
7,10,-45
8,9,-57
4,-1,-62
8,17,-66
3,16,-62
-1,13,-59
-1,10,-67
3,17,-62
1,10,-64
4,17,-57
1,16,-56
1,11,-55
7,17,-68
15,12,-64
17,22,-65
2,2,-65
17,-1,-64
23,10,-82
27,-3,-77
22,0,-59
6,-10,-65
10,-1,-50
14,1,-62
13,2,-71
6,7,-48
14,10,-51
3,12,-69
3,-3,-80
5,3,-77
-3,16,-67
0,19,-69
2,11,-66
-2,2,-59
-2,9,-52
3,9,-68
4,14,-63
5,7,-66
4,-12,-46
9,1,-65
8,2,-71
13,6,-76
16,15,-98
12,-13,-71
9,-12,-62
11,-5,-63
15,6,-42
13,13,-63
4,15,-59
7,3,-66
10,17,-73
12,16,-67
1,16,-78
-14,7,-58
-9,5,-70
1,12,-64
5,5,-80
-3,8,-53
3,21,-68
0,13,-49
10,18,-57
24,28,-72
0,14,-80
3,3,-59
12,2,-61
10,13,-30
7,-6,-70
10,4,-53
11,5,-83
11,9,-59
15,13,-63
5,15,-58
11,15,-64
5,4,-54
2,8,-71
-6,-3,-60
-3,19,-59
0,18,-59
-2,13,-67
-2,11,-70
13,20,-63
0,10,-68
0,18,-56
1,9,-72
5,18,-72
-5,5,-32
12,19,-63
7,8,-68
20,21,-80
20,19,-86
12,3,-61
13,5,-64
5,2,-56
9,15,-56
9,10,-58
11,26,-61
9,18,-70
5,6,-57
5,20,-50
6,17,-71
1,11,-62
-11,18,-54
-4,11,-60
-4,6,-67
-4,8,-67
5,21,-60
7,20,-63
-2,6,-56
10,11,-63
3,0,-30
2,19,-68
7,10,-66
12,8,-67
11,14,-67
12,11,-59
10,4,-60
11,4,-72
8,-2,-44
8,10,-58
7,18,-60
8,11,-61
2,12,-52
7,17,-79
4,17,-58
-1,13,-64
-6,11,-61
-1,15,-59
0,8,-69
-4,6,-62
-1,17,-56
3,15,-63
3,8,-56
13,21,-61
6,22,-71
18,14,-52
28,16,-70
26,5,-70
20,2,-50
21,2,-55
27,15,-51
18,7,-51
19,9,-43
28,15,-48
38,9,-44
48,-6,-33
64,-12,-29
62,-28,-5
64,-28,-16
59,-52,0
43,-61,7
20,-60,-1
6,-57,10
4,-57,0
-1,-52,8
-6,-61,16
-1,-49,0
-8,-53,1
-10,-54,9
-10,-49,13
-7,-45,17
-11,-37,43
-13,-11,53
-11,15,57
0,34,32
12,83,16
7,105,7
11,96,-4
16,66,-34
15,49,-47
12,24,-49
12,10,-58
17,-1,-53
17,-13,-60
16,-8,-59
16,-13,-62
17,-13,-61
21,-45,-98
28,-47,-113
-72,-14,41
67,36,-83
12,45,-46
25,65,-38
25,52,-36
24,52,-42
19,48,-29
20,51,-36
17,51,-25
15,50,-30
16,54,-26
10,55,-35
14,58,-60
18,51,-58
20,29,-78
28,57,-20
17,40,-30
10,42,-26
14,55,-29
15,63,-31
12,54,-45
16,47,-51
10,35,-68
11,11,-80
16,32,-50
16,23,-52
9,14,-54
9,18,-57
16,22,-57
12,5,-65
17,-1,-61
11,8,-56
3,3,-62
10,8,-58
9,5,-60
4,12,-58
1,13,-68
-1,16,-54
-2,14,-71
-6,12,-68
-3,20,-63
-1,18,-64
-4,10,-64
-2,16,-64
-4,10,-55
3,19,-59
4,13,-68
6,11,-66
2,10,-56
-4,5,-69
11,5,-69
16,8,-72
19,10,-69
10,-5,-75
18,3,-70
1,0,-54
6,9,-49
9,15,-72
4,10,-54
10,13,-55
6,5,-59
4,14,-60
2,12,-61
6,14,-80
-3,10,-61
-3,16,-66
1,6,-63
-10,-3,-69
-2,9,-58
2,14,-64
-3,8,-59
1,14,-59
1,0,-63
-2,13,-59
5,4,-80
10,3,-81
7,9,-86
12,-6,-78
6,-7,-70
6,7,-70
15,7,-67
13,14,-60
9,17,-57
5,2,-49
4,11,-72
16,34,-63
0,7,-62
2,13,-69
-1,8,-55
2,4,-71
3,9,-61
3,9,-61
6,17,-50
0,15,-62
0,8,-65
5,17,-75
2,17,-61
2,3,-70
14,-4,-78
10,7,-52
8,-12,-65
16,16,-69
15,9,-62
7,0,-65
14,7,-77
13,6,-62
8,8,-59
4,19,-51
6,11,-69
6,15,-78
-6,13,-65
-4,19,-73
-2,13,-60
5,9,-62
3,19,-67
5,23,-63
3,26,-64
3,14,-54
2,0,-50
0,19,-61
9,18,-63
9,8,-63
4,10,-57
12,8,-56
9,10,-52
12,9,-66
8,13,-57
11,11,-62
10,15,-56
7,16,-61
10,17,-55
3,19,-56
6,12,-64
-2,10,-54
-4,14,-65
-7,10,-60
2,8,-68
1,10,-68
5,15,-59
3,13,-65
7,20,-66
8,8,-59
8,32,-63
7,23,-71
8,6,-73
2,-4,-56
12,22,-50
11,10,-53
9,18,-69
14,9,-71
12,13,-63
9,19,-58
7,12,-65
6,10,-68
3,14,-63
4,16,-64
2,7,-66
1,19,-69
-6,13,-52
-3,14,-60
-7,7,-64
-9,2,-55
-4,6,-53
-1,20,-61
-4,9,-69
-3,11,-63
1,5,-65
3,12,-69
2,12,-67
10,1,-69
15,-2,-82
19,2,-61
15,-1,-70
12,2,-62
14,7,-45
23,11,-62
29,22,-52
30,12,-42
29,13,-53
33,11,-41
48,0,-34
63,-6,-11
57,-7,-4
72,-18,-6
67,-32,13
65,-26,13
52,-39,17
40,-46,26
24,-53,13
12,-55,16
7,-63,8
12,-54,9
4,-58,6
2,-58,6
-2,-62,7
-3,-55,9
-7,-53,7
-8,-52,9
-5,-44,25
-5,-31,39
-3,-14,52
-6,-3,62
-4,21,52
4,31,21
1,84,16
-1,94,-5
4,75,-25
15,61,-34
18,46,-43
14,29,-45
19,23,-59
22,4,-56
23,-13,-59
25,-6,-66
26,3,-59
26,-14,-63
27,-13,-61
24,-24,-73
27,-57,-102
-36,0,-84
8,56,-15
23,59,-36
18,54,-26
24,58,-34
21,57,-20
22,52,-12
22,56,-17
23,57,-9
25,61,-7
20,64,-7
21,66,-25
23,64,-43
22,41,-66
11,31,-54
12,18,-66
36,50,-80
20,0,-47
12,-5,-62
7,-6,-71
12,-6,-59
11,-14,-58
12,-17,-59
10,-4,-48
11,-8,-54
10,2,-54
7,-3,-55
10,3,-56
12,6,-58
6,6,-65
7,5,-59
0,9,-69
-4,9,-75
-4,12,-63
3,16,-58
2,17,-68
1,15,-76
-1,15,-59
5,24,-69
-3,7,-65
-1,8,-54
7,15,-66
3,16,-60
5,9,-66
10,1,-74
2,15,-54
17,8,-64
14,0,-74
11,1,-57
10,5,-59
8,1,-62
13,14,-52
9,9,-65
12,14,-55
8,16,-62
6,4,-65
6,13,-58
5,14,-68
3,11,-71
-2,5,-71
-1,15,-61
-3,14,-60
0,13,-68
0,14,-72
0,15,-63
0,14,-55
2,20,-65
-1,14,-57
-1,15,-53
0,12,-64
0,14,-52
3,10,-64
6,6,-69
12,6,-71
8,-1,-62
12,7,-62
13,3,-59
15,8,-60
7,5,-67
13,11,-51
5,7,-63
9,16,-60
8,14,-63
6,16,-61
2,0,-69
5,23,-61
-1,26,-63
-3,10,-73
-2,16,-63
-4,21,-58
-6,15,-58
-2,18,-65
-3,14,-61
-1,20,-75
-1,23,-54
2,29,-64
-4,14,-58
2,24,-59
5,18,-57
3,16,-67
1,8,-63
7,9,-61
6,2,-62
9,7,-68
11,4,-56
14,10,-63
14,6,-63
12,7,-73
10,8,-59
12,8,-64
10,13,-67
9,21,-50
10,18,-64
10,20,-61
5,17,-60
5,16,-57
8,21,-62
9,19,-70
4,22,-62
-1,13,-53
-1,21,-60
0,21,-60
2,27,-60
1,30,-57
9,33,-49
1,28,-66
3,28,-53
11,24,-65
14,11,-72
8,14,-60
8,10,-63
10,6,-72
16,2,-96
16,1,-70
22,9,-61
19,6,-64
19,11,-56
16,12,-61
12,10,-50
15,9,-68
11,14,-60
6,14,-55
3,10,-66
1,6,-67
-7,19,-59
-10,3,-70
-13,-3,-72
-7,0,-62
-6,-5,-60
-4,-1,-64
-1,3,-61
2,-3,-66
0,3,-69
6,18,-58
4,24,-54
2,27,-60
2,25,-55
1,15,-53
6,32,-52
7,27,-57
8,18,-71
9,9,-82
13,13,-63
11,19,-58
14,25,-58
8,19,-54
7,22,-57
10,27,-49
8,24,-59
10,30,-51
6,27,-52
9,28,-57
4,16,-58
8,28,-61
0,22,-58
-4,20,-66
2,22,-68
-3,25,-54
-2,27,-57
-4,21,-62
-2,22,-57
-1,30,-63
1,24,-50
4,30,-53
2,32,-60
4,33,-64
4,21,-67
5,31,-68
4,26,-67
6,15,-66
5,13,-64
14,20,-71
14,13,-70
9,7,-66
6,11,-60
7,14,-62
13,17,-50
9,17,-57
9,18,-56
5,16,-59
7,16,-64
4,14,-61
-1,18,-56
3,17,-73
-5,10,-70
-13,15,-57
-9,21,-57
-4,23,-60
-6,20,-60
-3,25,-62
-3,24,-59
-2,25,-48
0,31,-57
-4,25,-57
7,23,-60
5,18,-64
7,17,-59
12,20,-65
14,16,-72
17,8,-59
19,9,-54
25,10,-56
23,12,-57
22,16,-49
25,26,-51
27,24,-53
29,25,-51
30,27,-34
38,4,-34
62,-1,-26
65,-1,-14
61,-17,-4
63,-30,-1
60,-39,1
56,-49,8
41,-56,16
24,-55,10
4,-62,5
-8,-52,0
-14,-50,6
-16,-56,7
-15,-57,2
-16,-57,10
-15,-52,16
-13,-43,26
-13,-34,37
-10,-17,53
-10,-2,49
-5,12,44
-4,22,45
-1,45,44
10,98,24
8,101,5
11,80,-9
16,58,-31
16,48,-47
12,39,-49
6,16,-58
13,6,-61
14,-6,-59
16,-9,-63
16,7,-65
17,7,-68
22,2,-73
15,9,-70
10,-25,-91
23,-27,-111
54,14,71
6,65,-15
28,69,-38
8,56,-19
13,61,-30
15,63,-35
18,56,-37
18,58,-34
18,58,-32
16,56,-24
15,57,-26
11,57,-22
10,60,-17
11,59,-21
12,62,-29
18,65,-40
22,57,-50
23,34,-65
7,46,-27
10,49,-21
11,57,-19
10,61,-15
10,64,-15
9,67,-19
10,68,-31
8,61,-44
2,50,-56
-1,12,-16
25,45,-43
9,35,-29
16,40,-59
13,39,-52
10,25,-56
11,19,-65
12,30,-62
5,25,-45
5,24,-55
6,27,-56
1,24,-55
-2,22,-62
-4,21,-67
-7,18,-60
-7,20,-59
-3,15,-65
-5,10,-66
-4,9,-63
-1,13,-62
-3,10,-51
-2,8,-54
0,9,-67
-1,8,-61
4,15,-72
5,12,-59
-1,10,-71
5,13,-74
6,4,-59
6,2,-67
11,5,-75
11,14,-61
6,13,-58
10,11,-67
12,19,-55
4,13,-54
7,15,-59
5,18,-63
-7,4,-69
-3,11,-61
0,23,-69
-4,23,-64
-6,21,-60
-7,28,-57
-5,33,-50
-6,31,-59
-2,31,-63
-4,30,-59
0,31,-54
0,37,-47
0,32,-57
-4,32,-52
1,36,-53
2,36,-57
5,40,-52
5,38,-58
5,26,-61
10,25,-62
7,29,-62
11,25,-60
11,31,-63
15,31,-59
8,24,-58
12,27,-63
9,30,-60
10,30,-59
3,25,-56
4,25,-56
