-1,-51,-31
-2,-51,-34
-2,-52,-35
-3,-51,-36
0,-49,-37
-1,-47,-39
-1,-49,-40
-1,-47,-41
-2,-47,-38
-3,-47,-39
-3,-47,-41
-4,-47,-40
-5,-47,-36
-3,-43,-41
-5,-44,-39
-3,-43,-45
-4,-39,-47
-1,-33,-53
1,-26,-55
1,-25,-58
5,-29,-55
8,-32,-55
8,-33,-54
10,-33,-52
10,-35,-51
10,-30,-48
7,-40,-49
10,-33,-48
12,-27,-53
5,-50,-34
7,-35,-48
9,-22,-49
9,-30,-60
10,-26,-49
15,-24,-53
6,-36,-57
12,-46,-16
10,-38,-47
7,-37,-47
6,-32,-51
5,-31,-52
8,-27,-55
12,-24,-53
14,-23,-57
13,-23,-63
12,-19,-58
8,-21,-62
7,-18,-61
4,-17,-58
3,-14,-56
2,-11,-62
2,-8,-63
5,-1,-55
11,6,-56
9,9,-55
10,9,-61
13,13,-72
5,0,-56
1,12,-68
5,14,-65
8,18,-70
9,1,-69
6,-3,-59
6,-3,-67
5,-11,-70
3,-14,-67
1,-10,-64
2,-8,-59
-1,-11,-60
2,-8,-63
-3,-12,-61
5,-6,-62
1,-16,-60
0,-15,-56
0,-17,-56
0,-20,-57
-2,-22,-61
3,-26,-54
3,-24,-58
2,-29,-55
0,-32,-54
-1,-30,-52
3,-27,-55
4,-26,-53
6,-22,-62
8,-21,-62
10,-19,-57
9,-26,-57
12,-23,-56
12,-26,-58
10,-19,-58
11,-18,-60
13,-22,-58
14,-20,-52
13,-20,-58
14,-22,-57
15,-25,-56
20,-25,-55
17,-25,-58
19,-24,-53
22,-24,-53
21,-29,-49
20,-29,-53
27,-21,-58
18,-21,-56
17,-20,-58
15,-20,-56
0,-8,-54
3,0,-51
-1,3,-58
-1,3,-66
2,7,-57
-9,18,-73
-2,5,-74
-13,25,-80
-19,8,-53
-7,2,-73
19,-64,-109
-42,35,-12
29,82,-76
-14,29,-37
-8,42,-70
7,61,-55
26,65,-60
0,52,-27
6,46,-37
13,56,-34
10,51,-40
7,67,-35
3,57,-46
6,59,-59
17,54,-66
3,22,-76
11,70,-49
5,51,-30
9,47,-33
6,54,-35
10,51,-23
12,68,-49
9,57,-58
14,45,-61
7,34,-62
12,45,-36
9,41,-46
11,52,-38
12,43,-53
13,48,-54
12,38,-50
10,35,-53
13,46,-63
12,38,-53
8,29,-39
9,26,-51
6,30,-41
5,34,-54
8,41,-54
5,30,-60
-2,32,-62
1,39,-50
-3,31,-65
-2,28,-47
-5,27,-59
-1,34,-58
4,39,-54
4,34,-50
6,32,-52
1,17,-58
5,26,-47
0,38,-55
7,26,-59
7,21,-64
8,30,-61
15,24,-77
11,30,-46
3,18,-47
10,26,-47
12,30,-50
12,40,-53
11,38,-59
9,22,-42
12,29,-56
6,28,-58
5,37,-57
1,34,-63
2,35,-60
2,39,-51
2,36,-55
1,32,-64
1,28,-49
-1,29,-61
7,41,-56
3,33,-57
4,37,-53
2,29,-67
3,40,-47
9,43,-48
9,39,-60
15,43,-68
13,27,-44
11,25,-54
6,31,-53
15,39,-52
9,33,-55
14,41,-59
10,37,-53
9,40,-44
15,45,-54
9,37,-55
9,33,-58
8,34,-52
10,41,-75
3,39,-67
4,51,-56
-5,29,-55
5,35,-50
3,35,-74
3,31,-61
-2,23,-54
1,41,-53
5,47,-54
2,42,-54
4,35,-60
5,35,-51
2,39,-57
4,34,-59
10,31,-65
8,31,-61
11,26,-65
13,33,-69
5,24,-55
18,30,-55
11,38,-51
11,47,-55
11,47,-64
13,47,-39
7,39,-53
6,32,-44
3,36,-54
3,35,-69
-4,30,-63
-2,46,-55
-3,35,-50
-1,35,-54
2,39,-50
0,36,-52
-2,33,-53
2,41,-52
1,37,-55
5,45,-55
4,39,-61
2,32,-56
5,45,-53
8,40,-61
9,30,-63
10,36,-61
11,33,-60
13,29,-52
16,34,-48
8,44,-56
20,40,-52
13,38,-48
11,38,-54
12,38,-57
11,35,-55
9,32,-49
10,35,-49
6,38,-69
5,23,-52
5,41,-52
1,34,-54
3,33,-51
4,33,-59
-1,29,-55
5,33,-49
1,45,-48
5,42,-57
6,41,-53
8,31,-54
3,36,-59
6,42,-68
9,32,-64
14,39,-55
17,34,-65
11,24,-56
11,23,-67
16,27,-50
11,34,-59
10,23,-53
9,31,-57
9,36,-55
7,33,-54
6,32,-51
3,28,-67
-2,32,-54
-4,37,-70
-4,29,-72
-11,31,-57
-10,33,-56
-9,33,-55
-11,41,-48
-16,34,-56
-13,47,-49
-13,40,-47
-11,30,-36
-24,36,-44
-44,15,-29
-48,53,-42
-62,-6,-20
-64,-12,-10
-63,-9,-3
-52,-44,11
-32,-65,0
-16,-64,-10
-8,-65,-25
-9,-65,-20
-8,-58,-20
-2,-52,-11
-3,-48,-10
-4,-49,0
-10,-47,9
-14,-47,34
-8,-30,47
-6,-11,52
-7,7,67
0,32,59
4,66,36
2,87,22
9,87,10
15,79,-12
11,57,-20
12,50,-30
13,44,-37
14,32,-52
13,27,-59
14,25,-60
10,0,-75
15,7,-70
9,-14,-82
14,-16,-80
37,-31,-97
-34,17,-48
43,75,-42
21,44,-79
23,61,-22
15,62,-47
17,48,-16
13,49,-28
16,55,-30
15,58,-21
14,62,-27
19,66,-36
23,62,-51
19,34,-69
16,37,-50
17,50,-37
17,42,-33
15,56,-28
15,54,-26
16,62,-25
16,58,-33
17,58,-39
17,51,-57
15,31,-61
18,53,-40
12,49,-30
10,36,-32
12,44,-53
10,49,-52
10,44,-55
11,36,-60
11,37,-56
6,32,-45
8,26,-51
7,29,-51
7,29,-49
6,30,-51
9,33,-58
5,43,-59
4,25,-55
4,24,-66
4,35,-57
1,30,-60
5,32,-62
4,35,-71
3,23,-50
1,28,-61
0,20,-49
3,33,-55
8,31,-60
7,24,-66
3,18,-53
12,34,-61
15,21,-65
19,20,-49
5,12,-48
13,20,-66
9,33,-51
8,18,-63
11,22,-68
9,25,-50
7,26,-52
9,29,-55
8,26,-51
11,32,-54
5,38,-58
7,30,-64
4,34,-73
5,34,-55
-1,32,-59
3,31,-65
4,27,-59
-2,18,-61
7,28,-62
12,35,-60
5,33,-53
9,30,-57
3,26,-67
6,37,-48
9,33,-57
16,34,-55
9,23,-61
12,24,-60
11,13,-72
17,26,-54
9,28,-59
13,28,-59
15,35,-58
10,35,-41
11,37,-55
9,36,-53
9,30,-49
12,40,-55
10,36,-57
9,30,-55
4,29,-61
2,36,-54
-1,31,-56
-1,31,-61
3,30,-70
2,30,-50
4,39,-52
3,33,-56
4,33,-58
0,25,-51
2,32,-51
5,31,-56
9,42,-66
7,35,-68
17,24,-47
10,37,-63
9,19,-66
10,22,-44
8,33,-52
7,28,-54
11,34,-58
14,42,-61
8,32,-50
8,32,-54
11,32,-56
6,29,-48
8,38,-54
10,34,-62
8,36,-62
5,36,-49
3,38,-54
5,32,-49
3,30,-62
2,29,-64
9,43,-52
3,29,-57
-1,25,-54
5,31,-55
3,31,-54
4,39,-54
3,31,-68
5,20,-59
11,35,-60
16,36,-65
14,29,-45
14,32,-58
12,34,-48
15,35,-59
10,30,-55
10,30,-43
9,37,-54
8,42,-58
11,36,-50
15,42,-46
10,43,-53
10,37,-61
2,29,-59
2,39,-49
1,38,-48
2,40,-53
-1,37,-52
2,41,-51
3,41,-51
2,44,-41
2,41,-39
2,40,-45
9,42,-57
4,52,-43
4,41,-53
8,39,-47
4,24,-60
16,45,-52
9,26,-55
10,32,-49
6,40,-39
12,32,-46
8,33,-51
13,45,-54
9,34,-54
9,36,-54
7,26,-56
2,30,-59
2,32,-57
0,30,-59
-4,39,-51
-1,40,-51
-2,30,-59
1,39,-59
3,41,-53
3,38,-54
1,49,-55
0,36,-49
1,40,-47
7,37,-58
3,38,-57
7,40,-51
12,41,-67
16,21,-58
24,40,-58
17,29,-49
18,31,-51
18,39,-56
26,40,-64
21,39,-59
31,35,-46
29,19,-39
47,4,-25
65,9,-37
70,-3,-20
59,-29,-15
51,-44,-9
52,-51,-13
40,-58,-6
19,-50,-14
0,-56,-20
-6,-61,-13
-6,-60,-20
-3,-61,-10
-7,-54,-9
-7,-57,1
-6,-56,-1
-9,-46,8
-8,-39,24
-6,-30,40
-11,-30,51
-6,0,54
-2,35,55
1,55,36
3,84,42
0,86,24
9,82,-1
11,65,-24
14,57,-23
9,48,-42
13,45,-50
15,31,-59
12,17,-61
13,20,-62
13,12,-64
14,17,-60
14,-4,-102
13,-27,-67
16,-11,-83
27,21,-34
-2,45,-13
16,52,-35
18,70,-7
12,63,5
17,63,-19
17,60,-17
17,62,-12
18,61,-18
17,62,-13
15,63,-11
14,65,-18
17,67,-33
21,64,-37
19,55,-63
15,48,-24
13,48,-13
14,51,-16
13,55,-14
14,62,-13
15,63,-13
16,68,-25
15,63,-32
13,59,-48
11,45,-65
3,62,-34
14,26,-8
14,45,-38
13,45,-65
8,41,-49
12,40,-48
12,42,-49
10,31,-56
7,31,-45
11,32,-41
6,35,-44
4,42,-47
8,41,-53
7,37,-65
2,39,-53
1,32,-63
-1,37,-68
-1,40,-59
2,41,-57
1,36,-50
-5,28,-60
4,37,-53
-2,36,-44
-1,45,-51
5,41,-54
3,37,-53
5,32,-56
1,33,-50
4,32,-59
8,19,-67
12,35,-70
11,30,-48
9,26,-59
18,32,-50
12,27,-65
14,38,-57
13,48,-56
10,35,-48
9,37,-52
11,37,-45
9,31,-51
8,33,-48
7,40,-53
4,36,-59
4,41,-58
0,39,-56
-3,36,-54
4,40,-55
-3,28,-62
2,41,-58
1,38,-54
-3,32,-45
-3,29,-43
1,37,-47
4,40,-61
4,34,-48
4,38,-55
9,26,-64
14,35,-55
6,21,-52
13,19,-66
13,28,-49
7,35,-71
10,36,-54
7,30,-57
9,33,-41
9,41,-55
8,37,-51
10,37,-55
6,32,-61
4,38,-53
3,36,-67
5,38,-62
2,40,-48
0,38,-52
2,39,-58
6,40,-61
1,31,-55
1,30,-53
4,44,-63
3,36,-50
-1,30,-41
0,29,-50
2,40,-56
2,41,-56
2,29,-60
6,21,-58
8,20,-62
10,24,-64
15,33,-62
12,34,-55
9,32,-57
11,34,-51
9,37,-54
8,40,-54
10,40,-47
10,41,-47
10,37,-50
9,37,-53
9,41,-52
8,43,-63
6,40,-55
-4,42,-53
1,38,-49
3,42,-46
-4,34,-56
-2,39,-51
-1,39,-52
-1,35,-40
3,45,-47
-1,44,-47
2,44,-45
4,40,-52
4,38,-39
6,42,-51
10,38,-56
10,42,-49
11,44,-45
14,40,-60
16,47,-60
10,47,-56
7,41,-45
11,49,-52
10,48,-41
10,47,-43
9,44,-50
10,46,-47
6,35,-47
5,42,-49
2,47,-54
2,35,-60
1,40,-58
1,42,-52
2,48,-48
3,44,-50
-1,40,-56
2,45,-47
4,45,-45
-1,31,-52
4,41,-46
5,37,-53
5,36,-59
8,33,-55
5,34,-59
9,35,-64
11,31,-63
11,33,-47
11,35,-62
16,33,-60
13,25,-56
10,30,-49
13,24,-59
9,28,-56
6,31,-59
5,31,-57
4,28,-55
2,28,-54
3,27,-54
0,35,-53
0,41,-58
-5,28,-70
-10,29,-60
-12,39,-48
-14,39,-49
-13,39,-51
-12,47,-42
-12,53,-51
-13,49,-44
-11,52,-33
-1,68,-55
-15,28,-50
-38,23,-26
-58,3,-15
-62,-3,-19
-65,-17,-5
-62,-12,-10
-60,-16,-7
-50,-28,4
-33,-62,-5
-21,-72,-11
-11,-68,-3
-11,-69,-16
-13,-66,-9
-12,-49,-11
-5,-53,-18
-5,-59,-19
-6,-61,-10
-5,-53,-9
-7,-56,6
-5,-43,20
-5,-33,42
-6,-27,49
-4,-14,57
-3,12,56
2,38,53
5,66,46
5,84,31
11,96,16
11,81,-11
10,68,-20
11,48,-35
13,44,-49
13,26,-52
15,13,-58
13,16,-57
13,10,-65
14,7,-68
23,34,-59
19,-15,-69
13,-13,-109
29,88,-4
37,87,-71
7,48,-49
12,51,-33
9,50,-34
6,50,-9
5,56,-29
4,60,-5
14,58,-32
9,59,-18
10,59,-17
13,62,-26
7,57,-27
8,62,-47
13,62,-55
9,29,-77
19,66,-33
13,40,-28
11,46,-36
16,59,-41
13,59,-28
12,55,-25
10,67,-42
9,53,-49
5,38,-59
4,36,-52
6,44,-38
18,43,-44
7,41,-49
8,41,-53
7,38,-49
7,29,-60
8,28,-55
8,22,-54
9,26,-64
6,25,-55
11,28,-58
9,24,-55
4,31,-57
0,28,-56
-2,33,-54
3,44,-61
-4,28,-61
-6,30,-58
-3,41,-58
0,34,-60
-13,18,-60
1,37,-62
3,27,-44
0,36,-47
2,32,-60
0,31,-48
5,26,-61
2,34,-58
5,27,-69
13,22,-61
18,26,-69
16,20,-60
20,25,-58
18,20,-61
15,19,-63
9,21,-56
17,25,-57
10,22,-66
12,28,-55
9,30,-54
9,29,-52
10,35,-62
1,32,-57
1,31,-68
3,40,-65
3,41,-52
-3,34,-50
1,39,-59
2,37,-58
5,45,-55
0,37,-43
2,46,-43
4,43,-52
5,43,-47
7,43,-52
5,44,-51
4,36,-66
4,29,-58
9,26,-58
8,22,-63
10,22,-62
19,37,-69
18,36,-72
13,27,-45
6,29,-46
10,36,-36
12,39,-51
11,39,-52
9,29,-60
8,32,-52
3,32,-65
9,40,-53
9,35,-59
4,33,-63
2,36,-51
0,38,-49
-1,27,-54
-3,26,-61
2,31,-56
1,33,-52
1,23,-49
7,42,-52
7,38,-57
5,31,-56
-1,32,-46
5,33,-58
17,37,-58
10,30,-57
11,27,-56
10,16,-66
11,25,-64
10,36,-56
13,28,-56
9,33,-63
12,34,-62
10,39,-51
10,39,-43
8,34,-53
8,39,-51
6,42,-52
3,45,-64
2,41,-51
-1,42,-44
-1,41,-48
-2,34,-49
0,34,-52
-2,40,-53
0,43,-49
6,47,-36
-2,44,-47
3,46,-40
9,49,-51
9,45,-57
7,43,-57
10,40,-60
14,33,-64
12,37,-59
20,36,-51
11,26,-57
15,34,-49
12,38,-56
12,39,-62
12,35,-60
8,42,-56
8,36,-61
6,34,-53
8,32,-57
6,34,-50
7,39,-58
4,34,-61
2,41,-66
3,37,-50
-1,41,-53
0,34,-52
-5,27,-65
-2,32,-58
0,30,-48
-1,32,-51
4,36,-52
2,34,-62
4,34,-57
0,31,-52
3,33,-50
10,33,-64
13,33,-71
5,25,-73
9,24,-61
12,22,-57
10,26,-54
9,28,-56
8,24,-57
10,30,-57
14,35,-58
9,29,-55
10,28,-59
5,24,-60
8,35,-49
4,36,-63
-3,27,-69
-1,38,-60
-1,39,-50
2,43,-52
-2,32,-50
2,44,-48
0,47,-46
-1,44,-45
0,51,-46
-1,48,-44
4,42,-49
8,37,-47
8,45,-50
11,42,-59
10,42,-69
19,42,-64
13,42,-48
18,42,-47
12,33,-47
19,44,-44
24,43,-41
31,33,-33
37,39,-28
53,25,-32
68,0,-20
70,-6,-17
56,-29,-11
51,-38,-8
41,-59,-11
32,-66,-7
11,-60,-14
-4,-54,-12
-10,-55,-14
-11,-59,-11
-11,-55,-4
-12,-54,11
-17,-46,20
-16,-42,36
-14,-32,51
-10,-16,50
-8,2,51
-7,17,58
2,48,45
8,82,40
14,88,32
16,71,8
20,75,-15
18,59,-27
13,46,-47
16,40,-52
19,32,-54
17,20,-57
17,22,-61
19,17,-62
17,17,-66
22,34,-53
18,-6,-78
28,3,-120
2,115,15
17,65,-7
16,84,11
7,57,1
10,63,1
15,55,-18
13,60,-12
15,61,-6
16,60,-17
16,67,-23
17,64,-23
15,61,-17
16,63,-14
15,66,-15
14,65,-23
19,70,-40
19,59,-40
13,39,-68
17,56,-25
12,48,-31
13,55,-39
18,51,-57
16,43,-44
12,41,-49
14,40,-47
8,28,-57
13,32,-56
12,20,-61
7,28,-45
9,27,-60
9,37,-62
4,33,-55
3,30,-51
3,32,-54
0,32,-64
-3,36,-58
-5,30,-63
-5,32,-64
-5,36,-56
-3,34,-57
-2,34,-66
-1,37,-56
0,43,-55
-2,30,-52
2,34,-48
4,44,-58
-1,30,-57
2,33,-62
3,36,-52
3,27,-67
9,21,-63
11,31,-59
9,28,-58
13,21,-62
6,19,-57
-3,20,-58
8,28,-46
6,30,-51
8,29,-52
8,32,-51
8,33,-53
10,37,-71
0,33,-53
-2,41,-54
-2,37,-63
-1,36,-66
-4,39,-51
-5,39,-54
-3,30,-54
-3,35,-58
-1,38,-57
-1,37,-52
-2,40,-50
-1,41,-47
-4,33,-43
1,35,-56
5,40,-51
4,34,-56
8,31,-66
3,17,-62
4,26,-58
5,20,-64
9,17,-55
11,21,-59
7,27,-55
11,30,-52
1,36,-50
6,35,-50
9,40,-44
6,35,-56
6,33,-62
4,35,-53
5,40,-51
5,43,-54
3,38,-57
1,38,-62
-3,40,-45
-5,38,-57
-1,35,-55
-2,31,-59
1,40,-55
1,37,-54
1,37,-42
-2,29,-35
1,37,-52
2,34,-53
4,35,-45
8,44,-60
6,46,-62
6,34,-75
4,27,-61
6,20,-58
5,19,-57
7,33,-52
2,24,-66
10,38,-50
4,37,-52
6,38,-52
11,43,-46
13,45,-47
7,36,-53
4,32,-51
6,38,-47
5,55,-49
3,43,-62
-3,39,-57
-6,42,-46
-1,45,-48
-3,39,-53
-5,40,-53
-4,38,-51
1,41,-52
-3,39,-41
5,41,-39
5,40,-50
1,35,-57
6,39,-52
6,40,-53
6,36,-62
10,33,-63
8,31,-58
8,27,-57
10,27,-58
7,32,-46
9,40,-56
15,36,-59
6,30,-47
9,41,-54
9,39,-51
11,35,-57
6,33,-56
5,34,-49
6,40,-54
8,37,-65
0,31,-64
-4,36,-50
-3,32,-56
-2,33,-60
-4,26,-59
-4,26,-61
2,36,-57
3,37,-58
4,35,-47
4,31,-51
2,33,-56
5,34,-57
4,38,-54
6,36,-64
12,31,-69
10,32,-71
13,29,-58
13,33,-52
10,28,-37
6,34,-58
10,30,-47
8,38,-47
11,43,-53
14,44,-50
12,41,-49
9,37,-56
6,35,-50
7,36,-51
5,32,-62
7,31,-63
2,33,-52
3,37,-53
2,34,-57
4,36,-52
2,39,-52
1,41,-55
0,35,-47
-1,35,-54
-1,34,-55
1,30,-51
3,29,-61
7,35,-52
6,25,-62
11,27,-63
17,28,-66
19,28,-66
14,23,-62
14,14,-58
14,25,-52
18,35,-63
27,36,-45
15,22,-36
29,43,-46
28,37,-41
32,26,-24
66,18,-28
72,13,-16
59,-7,-18
56,-25,-6
61,-39,-13
57,-42,-1
43,-61,4
29,-62,0
12,-58,-6
1,-59,-18
-1,-63,-14
-2,-54,-13
-2,-58,-12
-3,-57,-6
-4,-54,-8
-1,-42,-7
-6,-50,12
-8,-28,41
-9,-19,61
-11,1,61
-1,33,47
-7,68,50
-4,86,19
0,75,11
8,66,-8
11,58,-25
14,59,-39
14,48,-53
18,32,-55
18,20,-60
19,19,-57
21,18,-66
20,14,-63
23,15,-59
29,15,-66
25,-8,-87
43,7,-121
58,-16,-60
12,76,-22
11,77,-15
15,38,34
12,50,-10
25,58,-30
19,63,-23
16,61,-8
18,62,-11
21,59,-19
18,60,-9
18,65,-10
18,64,-22
24,66,-36
21,63,-39
23,40,-65
17,56,-16
16,48,-19
16,47,-19
17,57,-20
16,64,-19
17,65,-15
13,66,-26
13,67,-34
14,58,-47
9,31,-61
19,58,-36
15,39,-46
15,44,-53
10,30,-51
6,30,-57
8,26,-61
11,25,-58
10,20,-62
10,21,-58
11,20,-46
13,29,-55
8,28,-55
9,30,-49
3,24,-61
6,33,-62
3,28,-66
3,27,-61
-1,34,-61
-2,32,-58
-1,30,-57
-3,28,-61
-5,31,-53
1,34,-54
1,45,-54
-1,30,-53
-1,30,-57
3,33,-57
5,24,-68
3,27,-50
6,28,-65
8,23,-67
6,24,-60
12,25,-51
13,21,-65
15,28,-52
7,34,-56
10,29,-55
8,34,-58
9,41,-52
8,43,-48
11,39,-53
11,40,-49
12,40,-65
4,33,-49
5,39,-55
-1,41,-71
-2,33,-59
-2,40,-51
3,44,-52
2,38,-50
-1,37,-50
3,52,-51
3,45,-47
0,37,-51
3,39,-46
5,37,-52
5,33,-61
3,38,-53
8,33,-58
13,31,-63
11,31,-56
14,30,-54
11,23,-65
13,25,-55
6,29,-47
10,32,-50
8,36,-48
10,34,-55
12,35,-51
9,35,-50
10,36,-50
7,30,-53
6,34,-45
5,35,-53
7,31,-61
8,36,-68
1,35,-60
1,37,-53
3,32,-55
-1,26,-56
-1,30,-53
3,32,-53
6,38,-58
1,27,-58
2,31,-56
1,28,-56
7,32,-61
1,30,-54
6,36,-63
6,26,-68
4,24,-54
13,31,-56
10,17,-71
12,27,-51
13,23,-50
13,31,-59
12,30,-59
10,31,-58
10,32,-45
7,31,-52
8,31,-66
5,30,-62
5,28,-55
9,32,-57
11,34,-63
6,30,-62
5,34,-52
5,37,-54
2,32,-58
3,31,-61
0,29,-58
-2,28,-50
2,35,-48
2,41,-59
0,35,-53
4,42,-50
3,38,-56
1,38,-43
1,37,-59
6,37,-58
8,29,-58
7,29,-55
9,31,-65
12,26,-57
7,29,-55
9,33,-51
11,37,-52
12,35,-55
13,37,-51
11,40,-54
10,41,-59
10,41,-61
11,38,-50
10,36,-47
10,45,-48
2,32,-58
0,30,-60
1,39,-49
0,40,-51
1,37,-51
-7,29,-64
2,35,-52
5,38,-50
1,34,-50
-1,39,-51
8,45,-52
4,38,-57
4,35,-52
1,35,-53
2,33,-67
9,39,-65
5,28,-61
11,29,-57
8,20,-65
13,37,-54
10,35,-54
11,32,-55
12,33,-56
10,29,-52
10,32,-55
9,34,-55
5,27,-54
5,34,-56
0,34,-64
2,33,-67
-2,33,-54
-2,36,-50
-1,44,-46
-2,33,-53
-4,32,-59
1,41,-53
-1,36,-50
-1,39,-48
0,48,-44
5,47,-46
5,39,-54
3,30,-57
4,36,-52
7,38,-63
17,41,-60
19,34,-56
18,34,-47
15,27,-56
17,31,-49
20,41,-51
20,39,-48
33,40,-47
26,37,-38
27,35,-34
31,17,-30
64,17,-23
73,10,-21
64,-20,-19
64,-30,-20
53,-45,-8
44,-55,-4
29,-60,-5
10,-63,-16
-2,-56,-17
-7,-58,-14
-5,-62,-10
-4,-58,-9
-6,-60,-9
-6,-60,-3
-7,-54,-5
-3,-47,12
-10,-52,21
-10,-39,33
-5,-20,54
-9,-7,55
-5,9,48
-4,21,55
3,51,37
6,90,31
10,94,23
8,72,4
12,70,-22
10,50,-27
6,41,-40
6,42,-47
9,28,-48
12,23,-65
12,28,-66
16,24,-60
15,29,-73
18,-1,-89
22,-17,-78
13,-32,-77
30,75,-35
-32,19,-22
22,80,-32
26,81,-54
4,61,-2
15,64,-33
8,60,-19
14,68,-1
13,64,-10
15,61,-14
15,64,-9
16,65,-12
12,68,-16
12,71,-37
11,69,-37
8,49,-67
19,64,-4
13,49,-32
10,51,-30
12,61,-23
11,60,-18
12,62,-15
12,65,-25
12,63,-31
10,66,-34
10,52,-69
14,69,-22
15,51,-43
14,47,-34
13,55,-39
15,49,-49
12,42,-36
14,45,-52
14,45,-52
11,27,-52
16,37,-52
13,39,-54
12,32,-40
11,41,-53
11,43,-52
1,29,-43
6,41,-58
4,40,-47
0,35,-52
-1,43,-52
0,42,-51
-1,43,-53
-2,35,-58
-3,31,-58
1,42,-50
-5,31,-53
0,42,-46
3,40,-41
5,47,-47
4,35,-54
4,31,-62
1,29,-55
8,28,-58
14,29,-65
7,26,-49
10,29,-52
11,31,-63
10,29,-48
8,29,-46
14,30,-67
15,39,-55
10,35,-45
12,43,-51
6,28,-57
9,27,-51
0,27,-43
7,37,-59
6,35,-59
3,37,-63
2,39,-49
5,47,-46
-2,32,-61
0,35,-53
-3,28,-45
0,37,-52
2,43,-55
6,46,-47
0,38,-52
4,36,-54
2,39,-57
2,34,-61
4,34,-64
6,26,-66
8,35,-69
9,27,-66
6,32,-59
9,31,-47
8,37,-51
8,30,-65
11,32,-51
11,37,-61
9,37,-50
9,39,-57
9,34,-58
3,29,-53
-1,35,-57
1,35,-67
-3,30,-64
-9,34,-56
-3,37,-51
-3,39,-52
-5,32,-52
-3,39,-61
-4,27,-58
-2,31,-53
-3,29,-62
-4,29,-57
-1,32,-52
-1,29,-53
-1,32,-41
-1,31,-62
2,23,-68
6,29,-63
7,37,-57
5,23,-63
12,30,-65
8,33,-52
10,33,-49
14,34,-57
6,36,-50
5,34,-53
7,34,-56
9,31,-56
3,29,-51
1,33,-50
3,24,-65
0,32,-63
-1,35,-54
-2,35,-56
-2,33,-51
-3,37,-65
-2,33,-56
-3,34,-50
0,41,-52
0,35,-56
-5,32,-52
1,30,-53
-3,30,-59
-3,38,-44
6,38,-56
17,34,-65
12,34,-59
13,30,-55
14,30,-62
9,30,-57
7,29,-43
8,33,-54
8,27,-41
8,35,-55
14,40,-58
9,29,-47
8,29,-56
7,33,-51
3,34,-55
3,34,-62
-1,33,-63
0,38,-50
-3,37,-52
0,34,-53
-4,25,-59
-5,27,-50
-1,32,-55
0,35,-59
-3,28,-59
-3,38,-51
1,33,-52
-1,27,-55
3,43,-46
1,35,-53
9,34,-51
13,31,-54
13,42,-59
10,22,-63
14,34,-55
7,35,-60
9,31,-59
7,31,-57
8,32,-57
9,31,-53
11,36,-53
5,33,-53
0,27,-56
-5,34,-61
-3,37,-62
-5,26,-61
-2,44,-55
-7,39,-52
-3,39,-51
-11,35,-53
-8,41,-59
-6,50,-51
-10,44,-42
-3,59,-45
-13,29,-57
-26,31,-31
-72,-3,-6
-62,-5,-18
-72,-14,-10
-61,-8,-5
-47,-20,-6
-30,-61,5
-17,-69,-7
-11,-67,-15
-8,-59,-14
-8,-56,-6
-2,-62,-14
-1,-48,-11
0,-56,2
-5,-41,12
-8,-50,16
-7,-36,30
-6,-25,47
-6,-2,53
4,37,54
7,53,34
2,81,44
18,89,34
7,75,11
15,75,-10
19,60,-28
17,46,-44
19,33,-49
17,24,-59
14,22,-55
15,24,-59
20,17,-50
6,-27,-83
17,-26,-86
-2,30,-48
43,81,23
-19,55,-12
2,54,-1
23,62,-61
37,61,-65
10,53,-27
9,55,-14
18,53,-35
24,51,-32
19,54,-29
19,55,-41
16,55,-23
15,61,-28
14,57,-45
17,61,-58
15,24,-66
23,46,-27
21,48,-17
17,34,-39
22,53,-40
20,49,-38
18,50,-29
13,53,-37
12,45,-49
13,46,-57
13,28,-73
15,39,-34
17,41,-51
25,38,-56
19,35,-60
13,31,-53
11,28,-57
13,27,-60
16,31,-58
18,17,-60
12,21,-50
9,23,-58
13,26,-53
9,27,-50
8,22,-53
7,28,-49
5,22,-63
7,39,-52
3,33,-65
-1,29,-68
-1,37,-55
0,34,-57
-4,27,-63
-1,32,-60
-1,28,-59
1,30,-56
1,32,-48
4,37,-53
4,31,-60
8,25,-58
7,28,-54
12,32,-59
13,20,-69
23,16,-61
18,21,-54
14,20,-57
13,18,-53
12,23,-53
8,22,-62
14,24,-61
14,29,-55
12,30,-49
11,30,-58
11,33,-56
7,28,-57
4,33,-59
-1,27,-68
-3,33,-65
0,37,-56
-4,39,-54
-3,38,-60
-5,29,-56
1,42,-52
3,32,-55
-8,23,-49
0,34,-47
2,37,-52
3,39,-60
0,42,-66
3,27,-54
7,26,-65
9,20,-71
10,25,-59
12,20,-62
13,21,-66
11,25,-62
11,27,-53
10,32,-56
10,31,-56
12,32,-51
14,37,-43
11,36,-59
6,25,-59
8,35,-45
4,44,-57
8,37,-66
0,36,-60
2,42,-54
2,45,-52
3,36,-39
4,43,-41
1,43,-50
5,42,-48
2,35,-49
0,39,-50
4,42,-52
3,32,-59
4,32,-49
0,23,-31
9,36,-54
11,25,-64
8,26,-70
6,20,-57
13,30,-57
11,18,-72
16,31,-58
7,23,-53
13,31,-51
12,36,-52
12,36,-54
10,30,-51
11,33,-48
7,29,-58
6,37,-53
5,43,-55
-1,31,-65
1,42,-61
3,42,-53
-1,35,-52
3,33,-57
0,35,-58
3,37,-55
2,41,-56
-2,40,-51
1,43,-41
7,52,-45
7,40,-57
4,38,-51
3,41,-55
5,41,-52
7,36,-51
12,36,-52
10,37,-45
14,37,-57
10,33,-50
12,40,-45
13,46,-49
13,52,-47
11,45,-46
11,45,-46
10,49,-39
12,42,-39
9,40,-46
10,47,-50
6,49,-46
7,42,-57
3,38,-59
2,43,-46
1,39,-47
0,42,-52
-2,34,-57
-3,40,-46
-6,32,-50
0,42,-51
0,39,-51
-1,35,-48
6,39,-48
0,35,-57
4,31,-64
4,38,-57
6,34,-60
8,28,-63
14,23,-70
12,26,-59
11,22,-59
10,22,-64
9,27,-62
11,27,-60
9,29,-59
11,28,-56
11,25,-54
9,29,-58
7,29,-63
3,30,-63
1,32,-52
-3,34,-61
-3,34,-58
-8,30,-60
-10,39,-57
-7,37,-52
-10,33,-55
-13,41,-48
-14,44,-42
-14,43,-47
-14,47,-59
-17,39,-36
-9,61,-50
-18,36,-55
-54,12,-7
-60,7,-17
-58,-4,-7
-56,-13,-6
-54,-31,-2
-43,-54,6
-33,-57,-5
-24,-66,2
-16,-63,4
-9,-60,3
-1,-61,-11
-1,-57,-9
-3,-60,-11
-11,-62,-10
-10,-59,-8
-9,-54,-19
-9,-56,-9
-10,-59,-9
-9,-57,-8
-7,-53,-6
-6,-58,-1
-5,-48,2
-5,-45,15
-7,-44,38
-6,-26,47
-2,-11,51
1,11,58
-2,18,39
2,72,33
7,85,36
6,89,24
14,85,-11
12,64,-28
9,53,-37
5,39,-44
12,38,-53
11,22,-63
10,18,-62
11,22,-64
12,13,-68
15,16,-65
19,1,-67
18,-29,-84
27,11,-127
36,38,18
22,38,-57
4,54,20
13,54,-32
20,67,-37
15,63,-22
19,61,-27
18,62,-30
13,55,-15
14,59,-13
13,61,-9
11,64,-6
9,66,-4
9,69,-9
12,72,-31
14,68,-39
15,57,-67
12,62,-19
7,49,-25
12,60,-34
11,51,-37
15,56,-67
11,46,-54
11,44,-57
15,45,-62
9,28,-42
8,20,-71
10,28,-49
7,31,-45
10,31,-48
13,43,-58
8,25,-47
4,37,-48
1,36,-56
3,35,-53
1,34,-58
-4,31,-53
-3,41,-53
-2,43,-48
0,36,-61
-2,39,-63
-1,36,-52
-2,41,-52
-3,28,-50
1,34,-51
5,41,-51
2,32,-65
5,24,-57
1,37,-64
4,28,-62
7,22,-70
5,24,-58
10,21,-59
10,20,-61
14,24,-56
7,26,-49
10,28,-47
14,30,-62
7,28,-61
7,30,-61
9,26,-59
7,23,-56
6,28,-55
3,27,-57
7,32,-75
3,31,-69
1,39,-59
-1,27,-57
1,30,-60
-3,26,-62
1,29,-62
5,38,-40
-3,35,-58
0,30,-52
-2,35,-50
1,32,-56
6,27,-71
2,30,-59
2,26,-57
8,26,-64
7,23,-65
7,23,-62
15,28,-56
9,15,-62
5,22,-61
10,23,-55
7,25,-58
10,32,-54
10,28,-58
9,25,-57
6,23,-53
4,25,-52
5,28,-50
6,38,-65
8,32,-72
-3,25,-50
-4,33,-53
1,32,-49
-2,31,-62
-4,22,-56
-3,31,-61
3,29,-51
0,28,-56
8,34,-54
2,28,-59
5,34,-59
3,36,-51
6,33,-60
6,30,-63
10,36,-61
14,36,-58
13,23,-62
9,28,-64
11,36,-59
12,26,-47
16,27,-58
5,26,-54
14,37,-57
13,37,-48
8,34,-56
5,29,-62
5,33,-62
4,35,-62
2,34,-59
2,32,-55
0,32,-58
-4,26,-50
-3,31,-53
-4,25,-65
-2,33,-54
1,32,-52
1,35,-48
0,35,-52
2,35,-55
3,35,-59
2,39,-48
5,34,-57
8,28,-52
14,33,-54
13,35,-50
10,15,-58
14,22,-64
12,30,-66
12,35,-55
15,35,-55
12,28,-59
12,30,-43
13,39,-51
12,35,-64
7,32,-59
9,37,-46
7,40,-66
3,31,-64
-5,29,-60
0,38,-50
-1,33,-52
-1,34,-58
-5,30,-58
4,43,-58
5,38,-49
2,39,-57
1,33,-58
3,35,-50
5,36,-59
5,44,-49
5,34,-53
12,35,-51
20,35,-63
7,23,-54
8,22,-67
11,24,-61
17,32,-57
14,32,-58
11,27,-62
11,29,-54
9,29,-56
12,30,-63
8,25,-56
8,35,-53
1,30,-63
2,27,-71
1,36,-61
-3,30,-51
0,35,-52
-5,27,-63
-6,29,-63
1,30,-52
3,37,-51
-1,30,-54
1,31,-54
2,30,-47
4,28,-64
3,31,-61
9,32,-63
10,28,-68
16,21,-59
16,28,-53
16,24,-52
13,18,-55
13,25,-58
17,32,-58
24,30,-51
24,28,-57
27,32,-43
29,28,-39
54,-2,-27
66,4,-33
69,-2,-8
68,-31,-11
62,-37,-13
49,-53,4
25,-57,-5
11,-53,-14
-3,-57,-22
-5,-66,-11
-7,-65,-7
-3,-51,-7
-4,-51,8
-9,-47,22
-6,-28,43
-6,-15,61
-6,15,58
1,30,46
-2,74,30
2,103,19
14,82,14
16,63,-11
22,59,-35
21,47,-42
29,33,-57
20,19,-52
18,24,-66
16,9,-59
20,13,-61
25,-8,-89
34,-80,-78
50,-20,70
87,116,-72
38,77,-57
25,49,-26
0,54,12
37,78,-76
17,50,-41
11,48,-14
18,50,-19
20,53,-31
22,54,-34
18,57,-34
15,58,-28
20,58,-56
22,56,-54
18,28,-65
17,30,-41
26,37,-28
27,43,-33
26,58,-31
20,55,-25
14,58,-25
11,62,-30
16,57,-43
16,50,-55
14,33,-62
22,59,-40
19,43,-27
26,46,-77
23,53,-54
19,50,-47
15,43,-48
14,46,-50
16,37,-53
15,35,-50
7,31,-44
13,27,-51
8,32,-56
8,31,-58
7,39,-66
6,31,-56
9,28,-57
3,22,-62
2,30,-70
5,34,-57
4,24,-64
3,27,-70
4,29,-59
0,32,-53
-3,24,-54
2,29,-58
3,30,-67
5,22,-57
1,35,-53
4,23,-54
11,20,-60
1,0,-66
12,18,-48
16,19,-59
15,15,-75
13,27,-62
4,22,-63
19,31,-58
11,36,-55
15,42,-63
10,29,-61
6,22,-56
3,18,-58
6,27,-50
7,35,-68
5,30,-83
4,35,-58
2,32,-50
-3,21,-68
0,23,-72
10,44,-55
1,27,-52
-3,29,-46
-1,28,-54
-2,28,-46
2,21,-48
-1,19,-60
-3,28,-54
7,39,-62
10,25,-64
17,35,-50
11,25,-52
7,16,-61
17,22,-68
12,30,-63
9,22,-52
11,25,-57
11,32,-56
10,35,-51
7,25,-59
12,32,-52
8,28,-53
4,25,-57
8,43,-73
8,29,-65
5,28,-64
4,35,-52
10,41,-47
-3,24,-65
4,34,-59
0,28,-53
3,29,-52
4,37,-60
2,30,-54
2,38,-57
1,30,-55
7,36,-52
5,36,-61
9,28,-56
11,25,-58
8,29,-59
14,22,-63
17,23,-57
13,26,-50
12,31,-58
15,25,-75
8,24,-65
13,33,-51
11,28,-48
10,34,-54
10,29,-53
7,31,-56
11,37,-64
7,31,-63
-1,27,-62
1,35,-50
-7,31,-61
-6,20,-60
-8,22,-76
-4,25,-62
2,26,-45
3,27,-52
0,25,-57
6,36,-60
4,32,-53
1,17,-54
1,36,-67
11,21,-71
15,22,-75
11,21,-40
25,24,-64
18,18,-61
11,19,-70
16,22,-57
14,23,-50
13,22,-50
13,28,-64
13,28,-61
11,30,-54
6,26,-60
5,35,-61
6,28,-68
-8,20,-57
-7,32,-54
-9,32,-52
-13,23,-57
-11,22,-68
-3,27,-52
0,30,-54
-5,24,-54
-1,24,-54
16,36,-43
11,16,-91
-4,18,-58
8,34,-51
10,23,-61
15,29,-25
26,26,-80
21,24,-59
15,25,-69
11,20,-57
13,25,-54
10,18,-50
11,18,-55
10,23,-51
6,29,-72
5,27,-59
-1,24,-55
-6,28,-57
-10,29,-63
-9,30,-75
-17,32,-53
-18,37,-50
-18,35,-43
-12,40,-51
-15,43,-44
-17,44,-47
-16,38,-48
-9,48,-38
-10,45,-72
-37,6,-2
-67,4,12
-65,-13,-18
-59,-15,-16
-66,-22,-7
-56,-29,4
-38,-51,1
-26,-66,-4
-19,-69,3
-11,-60,-2
-11,-59,-3
-16,-58,-12
-7,-54,-15
-5,-58,-10
-8,-53,-8
-8,-54,5
-6,-58,7
-7,-47,14
-9,-45,33
-10,-37,48
-5,-16,53
0,7,50
3,14,62
2,40,41
3,77,23
2,93,15
12,84,5
19,76,-25
18,54,-32
9,39,-52
11,33,-48
16,20,-57
19,22,-63
19,23,-63
18,10,-63
19,11,-57
13,-9,-78
12,-38,-55
52,-23,-124
42,82,-25
30,67,-47
17,62,-30
18,55,-21
25,69,-23
16,54,-21
23,62,-25
22,64,-21
19,62,-18
19,60,-19
17,63,-16
11,62,-16
10,64,-27
10,69,-41
16,60,-52
12,36,-77
13,58,-16
16,48,-25
10,49,-24
10,63,-24
9,63,-20
10,62,-29
13,68,-43
16,62,-48
15,51,-62
13,45,-42
14,53,-28
15,54,-42
18,47,-45
12,47,-72
13,40,-49
13,42,-50
13,32,-43
8,24,-65
7,30,-61
9,23,-56
7,21,-40
4,27,-51
8,32,-58
6,23,-50
9,43,-61
5,41,-61
-3,32,-56
-4,26,-60
0,40,-49
-4,32,-57
-10,24,-71
-4,35,-59
0,35,-47
5,38,-62
-3,24,-55
-1,29,-48
3,28,-58
5,19,-68
0,25,-51
6,29,-57
3,18,-65
6,19,-44
12,35,-77
14,21,-79
16,20,-65
12,24,-54
13,22,-52
16,30,-56
10,21,-50
9,26,-61
9,32,-63
7,25,-67
7,31,-43
2,26,-62
4,27,-68
1,31,-64
5,35,-43
2,29,-40
-1,21,-63
-2,25,-61
-3,19,-69
6,29,-38
-1,33,-53
0,30,-64
-3,24,-50
1,17,-49
8,24,-59
5,31,-56
5,25,-70
11,24,-72
19,38,-71
15,27,-50
20,20,-40
11,21,-50
11,12,-51
14,19,-51
8,38,-62
12,28,-63
7,32,-61
7,23,-51
5,29,-59
8,30,-61
7,41,-64
4,30,-65
4,35,-61
-1,37,-43
-3,39,-52
-2,40,-54
-9,22,-58
-2,32,-52
-2,37,-53
-5,33,-47
6,40,-39
4,42,-52
7,45,-57
10,38,-54
3,42,-50
6,37,-62
12,36,-69
13,32,-44
16,31,-60
15,37,-72
10,24,-47
14,35,-55
21,41,-52
14,27,-55
13,40,-51
10,43,-53
9,43,-51
9,37,-49
6,35,-51
4,40,-53
9,39,-60
1,32,-59
0,33,-55
-1,33,-50
3,40,-50
-5,26,-61
-7,20,-56
1,36,-61
4,35,-64
2,31,-57
8,40,-56
5,31,-55
6,30,-57
4,34,-55
5,35,-62
2,27,-63
10,21,-67
8,24,-60
11,27,-58
13,29,-62
13,29,-55
4,27,-55
5,34,-59
14,34,-59
7,29,-48
10,47,-68
9,33,-58
6,34,-59
3,35,-58
0,30,-56
0,32,-68
0,35,-56
3,44,-55
-1,36,-54
0,28,-55
-2,28,-58
0,40,-53
-2,35,-55
1,29,-34
9,48,-53
5,38,-53
8,33,-54
4,31,-54
4,32,-58
6,26,-68
10,27,-64
18,31,-64
13,28,-65
14,23,-67
14,26,-57
12,25,-57
11,23,-55
9,28,-55
10,27,-52
6,26,-51
7,38,-47
3,29,-60
2,31,-58
-5,24,-59
-13,28,-67
-3,49,-51
-11,44,-47
-15,37,-41
-11,44,-44
-15,48,-51
-17,49,-51
-18,46,-48
-13,42,-37
0,64,-44
-25,21,-29
-49,-13,2
-56,11,1
-68,-16,1
-68,-14,4
-50,-18,3
-38,-58,12
-22,-65,4
-21,-71,-3
-15,-62,1
-11,-55,-14
-5,-67,9
-4,-58,-2
4,-28,12
-1,-40,39
-2,-21,45
-1,-19,59
1,14,47
2,27,50
5,61,33
15,104,21
16,84,18
17,73,-13
22,62,-22
16,43,-37
18,40,-49
22,29,-58
20,12,-53
17,12,-59
21,11,-59
29,32,-57
17,-7,-86
13,-7,-108
4,35,-91
34,0,-37
1,39,-53
-25,44,-3
16,60,-21
29,58,-61
11,50,-17
18,52,-38
17,51,-36
22,52,-37
14,50,-36
20,52,-36
17,55,-29
14,60,-34
16,56,-51
19,47,-56
20,35,-69
15,39,-28
24,44,-21
22,45,-32
16,52,-28
18,56,-25
19,64,-23
19,64,-44
16,51,-41
18,56,-53
12,40,-71
22,49,-27
21,42,-44
8,29,-48
22,40,-45
19,43,-51
15,37,-55
14,32,-56
18,42,-66
16,30,-69
8,23,-53
2,28,-44
7,26,-53
8,33,-58
6,29,-60
0,29,-60
-2,21,-59
9,38,-64
-1,19,-69
-2,24,-63
0,25,-61
4,28,-58
-3,20,-55
4,35,-52
0,37,-58
-5,27,-57
0,35,-67
3,34,-65
5,29,-57
-2,22,-51
0,18,-50
2,21,-71
10,21,-61
4,22,-66
9,18,-62
12,21,-71
9,13,-66
10,24,-54
13,27,-50
11,30,-63
9,20,-49
8,20,-57
9,23,-55
6,28,-61
2,24,-63
-2,26,-55
3,31,-71
2,30,-71
-1,37,-61
0,35,-53
0,36,-61
-2,38,-65
-7,23,-51
0,36,-48
1,37,-53
-2,35,-60
-3,35,-49
-12,33,-58
-10,35,-52
-11,40,-53
-15,33,-51
-16,40,-54
-7,9,-51
-2,38,-85
-9,31,-55
0,26,-67
4,26,-60
3,25,-61
-1,31,-59
4,31,-67
11,23,-61
13,25,-63
13,27,-55
9,20,-60
13,27,-60
7,27,-58
10,28,-53
9,33,-54
11,33,-56
10,34,-61
10,30,-51
5,29,-56
6,33,-59
4,36,-63
2,34,-67
-4,33,-56
-2,39,-49
0,39,-46
0,33,-51
-2,38,-56
4,48,-54
1,40,-48
2,45,-47
4,49,-58
0,32,-54
2,44,-47
1,36,-54
7,36,-62
7,25,-64
7,31,-59
16,32,-60
11,25,-70
8,28,-48
8,31,-58
5,30,-57
9,36,-46
11,40,-52
8,40,-56
10,42,-55
4,36,-55
2,35,-53
5,40,-56
2,37,-62
-1,35,-59
-2,35,-53
0,35,-49
-5,27,-60
-4,34,-59
2,36,-55
1,30,-43
2,38,-53
2,41,-56
1,30,-47
3,38,-56
1,31,-50
5,31,-60
8,38,-60
7,30,-68
6,32,-59
12,30,-59
12,30,-56
5,37,-61
9,38,-58
13,45,-49
9,38,-47
8,40,-52
10,43,-46
9,40,-45
8,42,-54
5,37,-51
4,40,-50
5,40,-66
2,37,-60
2,49,-52
2,39,-58
4,35,-50
3,39,-53
1,43,-51
1,39,-50
3,42,-44
2,48,-50
4,47,-51
5,42,-53
5,37,-62
5,42,-43
2,34,-54
7,28,-59
10,39,-60
13,35,-59
8,26,-59
10,29,-54
11,31,-46
11,39,-60
12,35,-59
12,35,-59
12,32,-55
9,31,-57
6,31,-59
5,28,-58
-1,29,-55
2,34,-61
-2,27,-67
-3,32,-59
-6,36,-55
-5,38,-47
-7,33,-53
-9,31,-60
-2,45,-48
-3,39,-46
1,44,-49
2,44,-53
5,40,-47
14,50,-46
10,36,-53
13,38,-43
13,46,-65
20,45,-53
14,33,-68
12,27,-46
20,31,-50
24,40,-48
26,41,-54
25,36,-49
31,32,-28
43,10,-22
68,4,-29
70,-3,-11
60,-24,-7
53,-35,-9
46,-60,-1
38,-58,-5
17,-66,-13
2,-55,-4
-9,-58,-9
-9,-60,-3
-16,-55,-7
-13,-54,1
-11,-50,7
-13,-50,13
-16,-55,16
-13,-42,26
-11,-31,41
-15,-36,54
-6,-3,59
-2,13,51
-2,45,51
3,84,41
12,81,35
15,70,4
24,69,-21
21,43,-25
21,45,-41
21,38,-55
19,18,-57
20,14,-61
20,16,-65
20,11,-66
18,13,-61
24,18,-71
15,-28,-62
1,-48,-94
-6,26,-92
10,51,-31
32,66,-72
33,65,-62
29,66,-39
17,57,-15
22,54,-24
26,60,-21
23,60,-19
24,57,-22
22,57,-23
16,58,-13
19,61,-17
17,65,-24
21,66,-35
23,58,-44
18,32,-68
18,53,-26
22,51,-17
23,55,-17
17,58,-13
15,63,-7
15,66,-12
14,71,-25
15,63,-33
17,57,-48
16,56,-30
15,56,-36
13,47,-32
20,49,-48
14,44,-35
15,48,-46
15,39,-54
14,39,-53
17,38,-54
13,35,-64
9,37,-56
12,32,-53
2,29,-53
6,33,-49
1,27,-47
-3,28,-62
-2,36,-61
-1,36,-71
-2,31,-53
-4,40,-54
-4,38,-56
1,33,-48
-1,40,-60
-1,35,-48
4,47,-56
1,34,-40
4,39,-54
2,34,-55
6,25,-63
3,35,-57
7,35,-57
11,29,-68
11,35,-53
10,20,-47
10,17,-55
9,18,-66
12,27,-62
7,10,-47
12,32,-58
9,21,-58
13,30,-62
12,33,-53
10,29,-59
4,29,-54
0,33,-61
1,35,-63
-3,33,-60
-4,38,-48
-5,32,-57
-2,27,-51
-3,32,-61
1,38,-56
-3,35,-53
1,33,-44
6,44,-50
6,37,-54
5,33,-53
4,26,-53
2,30,-50
5,30,-65
6,30,-76
8,22,-69
14,30,-61
12,36,-65
4,21,-45
4,26,-58
15,38,-56
9,37,-68
7,31,-49
10,31,-51
13,32,-58
10,35,-54
3,31,-46
6,44,-56
3,26,-64
2,21,-67
3,40,-57
-2,32,-53
-2,32,-62
-5,32,-57
-7,26,-58
-1,31,-58
2,34,-55
1,28,-59
3,31,-56
2,18,-64
5,18,-60
1,35,-64
4,28,-66
5,17,-58
8,36,-59
11,25,-66
11,27,-48
11,25,-58
11,24,-59
15,31,-56
12,35,-58
10,37,-44
10,36,-47
10,35,-46
12,31,-54
5,32,-55
2,30,-50
9,42,-53
6,31,-69
4,37,-63
2,32,-53
-4,29,-49
-4,30,-58
-4,26,-61
-8,24,-57
2,27,-52
-3,27,-59
0,31,-58
-2,34,-48
1,28,-56
4,37,-57
1,27,-56
3,31,-58
2,22,-57
10,31,-54
15,30,-58
13,27,-68
13,27,-47
4,22,-51
7,31,-59
12,35,-52
7,32,-59
8,32,-60
7,30,-56
10,32,-61
7,26,-55
7,36,-49
5,36,-63
6,29,-68
1,33,-65
1,37,-56
0,37,-53
-3,28,-63
-2,30,-55
-7,24,-57
1,35,-54
1,34,-53
-4,28,-47
1,41,-51
3,36,-56
3,35,-52
3,32,-56
4,33,-72
8,27,-70
10,27,-67
11,24,-64
18,23,-63
17,30,-56
9,23,-57
13,33,-49
4,28,-62
9,34,-53
6,34,-57
6,33,-57
6,32,-57
2,29,-58
-3,25,-58
-6,34,-51
-6,39,-66
-11,24,-74
-16,35,-54
-20,36,-52
-13,41,-46
-16,39,-46
-12,45,-49
-14,49,-51
-15,43,-35
-7,63,-58
2,32,-65
-40,21,-7
-50,-29,10
-61,-11,3
-64,-12,5
-61,-19,1
-54,-23,9
-47,-54,12
-28,-65,11
-14,-67,3
-6,-68,-6
-7,-65,-12
-14,-58,-14
-8,-58,-8
-6,-57,-12
-5,-58,-3
-4,-58,4
-3,-49,2
-4,-49,13
-5,-47,30
-3,-31,41
-5,-26,61
-4,22,51
0,32,51
-2,54,19
3,89,30
9,98,-2
8,83,-15
13,68,-29
8,51,-45
8,38,-55
13,29,-54
15,11,-57
17,17,-63
16,10,-64
18,5,-71
20,1,-58
22,-17,-112
28,-25,-101
-4,76,65
-9,25,8
11,67,-19
20,62,-44
1,50,-10
19,59,-35
10,56,-21
14,60,-28
13,60,-29
16,62,-11
19,61,-12
18,63,-13
20,65,-7
16,66,-23
20,64,-35
25,60,-40
19,39,-62
17,55,-31
22,46,-21
17,55,-17
16,60,-14
14,64,-13
12,66,-9
11,69,-26
13,63,-32
9,60,-46
7,54,-47
9,52,-47
25,50,-56
13,37,-39
19,39,-53
16,32,-53
13,27,-50
12,24,-58
8,3,-64
12,23,-60
10,22,-58
7,26,-56
11,25,-50
7,25,-50
6,26,-51
0,29,-55
0,29,-58
-1,28,-63
-4,30,-65
-5,30,-55
0,29,-57
-2,27,-57
1,27,-57
3,33,-54
2,27,-54
2,29,-58
7,28,-56
6,25,-58
11,20,-68
10,18,-62
10,17,-62
9,18,-72
14,10,-70
13,12,-62
16,17,-76
11,8,-64
6,11,-64
10,21,-56
9,22,-52
6,22,-58
8,26,-61
8,27,-53
10,30,-53
0,26,-55
2,35,-56
2,29,-69
-3,41,-56
-2,46,-45
-4,39,-47
-2,44,-50
-1,41,-57
3,45,-59
-1,46,-46
-3,34,-35
4,50,-47
5,45,-46
5,41,-54
3,43,-51
2,35,-52
7,41,-52
5,24,-58
7,23,-62
14,30,-59
16,30,-62
10,26,-58
11,28,-61
12,33,-56
10,28,-51
16,38,-58
14,38,-55
10,30,-62
10,29,-55
7,26,-52
9,37,-47
6,30,-65
2,26,-65
5,34,-53
3,40,-55
3,35,-52
-5,20,-68
-2,36,-59
2,33,-55
0,32,-48
-1,32,-50
2,38,-49
1,33,-58
3,27,-62
9,39,-56
6,34,-62
10,21,-53
9,29,-58
13,26,-60
15,24,-70
17,30,-56
6,22,-51
14,33,-49
8,32,-39
10,37,-53
12,40,-53
10,37,-45
10,35,-56
10,27,-57
4,31,-53
4,33,-61
5,39,-63
2,33,-60
0,39,-54
-1,35,-54
-3,27,-56
-8,26,-64
-3,33,-54
0,33,-60
-1,32,-50
1,38,-53
0,30,-52
0,27,-55
7,31,-57
3,39,-50
5,30,-63
4,19,-61
8,25,-65
11,25,-55
13,25,-60
14,24,-48
12,28,-60
16,32,-56
14,33,-57
10,27,-46
16,34,-44
16,35,-52
12,27,-58
11,29,-65
8,32,-54
7,35,-65
6,24,-63
0,29,-57
5,37,-55
3,28,-50
-1,27,-61
-1,30,-57
-1,31,-56
-1,34,-48
2,37,-58
-2,37,-56
-1,30,-58
0,23,-59
4,36,-63
2,32,-60
6,24,-65
7,18,-56
12,19,-61
15,20,-67
19,14,-56
18,22,-55
12,20,-54
17,25,-53
10,26,-58
6,26,-48
7,28,-57
6,29,-65
4,31,-64
4,25,-61
0,22,-62
-2,26,-47
0,33,-59
-7,14,-74
-12,26,-56
-12,32,-53
-11,33,-60
-11,32,-56
-13,33,-51
-17,42,-45
-16,39,-63
-16,44,-25
-16,39,-64
-28,10,-3
-62,-12,-11
-52,-24,-28
-65,-23,-4
-58,-24,6
-52,-25,6
-47,-47,20
-36,-58,4
-26,-55,2
-16,-56,-3
-11,-62,-14
-15,-59,-11
-13,-49,-11
-9,-55,-18
-9,-56,-9
-9,-58,-2
-8,-59,2
-5,-50,12
-4,-46,29
-4,-26,37
-2,-5,54
-2,10,53
1,15,51
3,52,51
-1,79,28
4,96,22
8,89,1
9,60,-19
3,50,-32
1,40,-53
3,30,-51
2,19,-62
4,18,-67
9,17,-67
8,10,-67
12,13,-59
10,-2,-80
28,-17,-100
35,-84,-78
27,57,-38
25,64,-7
5,56,-24
20,71,-35
19,62,-42
13,63,-12
12,56,-7
18,57,-17
16,60,-13
15,60,-9
15,64,-2
14,65,-17
17,69,-30
12,69,-37
21,49,-70
23,62,-13
13,48,-20
14,53,-23
17,61,-18
13,61,-14
14,65,-8
12,67,-7
11,64,-13
15,66,-24
10,67,-34
11,48,-57
10,57,-29
10,58,-43
9,30,-30
10,36,-54
12,38,-53
13,35,-56
12,30,-65
12,30,-55
9,17,-59
9,24,-54
5,24,-54
8,29,-53
5,32,-52
4,29,-55
0,27,-52
-3,29,-62
-2,32,-58
-11,30,-71
-7,33,-64
-8,25,-54
-5,28,-47
-5,26,-58
-8,26,-64
-4,34,-60
-8,21,-50
-3,31,-41
3,34,-68
-1,27,-59
3,25,-63
6,34,-62
-4,18,-64
3,24,-61
12,30,-61
12,38,-64
14,29,-65
12,17,-63
13,27,-58
16,21,-53
6,21,-46
7,29,-52
5,26,-53
9,31,-59
9,30,-57
12,37,-66
-2,27,-56
6,39,-62
-3,24,-69
-8,18,-58
-4,35,-54
-5,35,-58
-6,32,-54
-4,34,-54
1,32,-58
3,35,-52
6,38,-51
1,36,-54
4,38,-56
0,27,-68
0,39,-54
7,27,-59
3,29,-62
10,28,-61
8,30,-57
10,25,-64
9,25,-57
11,25,-59
7,26,-54
12,27,-53
9,34,-61
9,25,-52
10,29,-50
10,32,-54
6,27,-59
7,29,-61
5,34,-51
6,40,-61
1,31,-65
1,29,-59
0,38,-48
-5,34,-56
-5,26,-62
-7,28,-56
-1,35,-55
4,36,-59
1,26,-55
-2,34,-51
3,33,-54
3,30,-63
2,33,-52
0,30,-57
5,28,-59
5,23,-65
8,26,-60
12,23,-57
12,28,-51
10,34,-55
10,31,-57
10,29,-56
8,37,-59
7,36,-45
5,31,-59
6,29,-48
7,30,-57
2,28,-52
2,35,-59
7,44,-67
-5,28,-65
-6,35,-53
-4,32,-54
-5,30,-54
-7,26,-64
-3,32,-57
0,29,-48
0,32,-47
2,34,-54
4,41,-54
5,34,-57
1,38,-59
2,40,-62
5,36,-61
4,26,-54
15,25,-68
18,30,-52
17,37,-49
11,26,-62
10,32,-56
18,32,-56
11,32,-54
18,41,-70
14,34,-51
9,30,-47
8,32,-59
7,33,-58
8,41,-47
5,33,-64
1,28,-58
-2,33,-54
0,40,-50
-5,29,-65
-4,29,-62
0,28,-56
5,34,-51
-1,29,-60
5,31,-53
-4,32,-50
-1,42,-60
0,31,-56
6,43,-56
0,31,-58
0,27,-69
10,27,-65
11,21,-70
10,18,-62
17,18,-64
12,25,-56
8,28,-61
15,27,-62
10,31,-55
9,26,-57
6,24,-56
7,29,-57
4,27,-61
-1,27,-61
-5,27,-57
-5,30,-69
-5,29,-60
-14,26,-55
-16,35,-51
-18,33,-48
-15,36,-50
-14,45,-46
-15,45,-52
-19,40,-52
-5,49,-39
-5,53,-74
-23,31,-30
-48,8,-5
-57,5,-5
-66,-4,-3
-65,-1,-2
-63,-12,4
-49,-20,8
-38,-48,8
-27,-66,9
-20,-60,-8
-17,-64,-7
-12,-62,-3
-3,-58,1
-1,-50,3
-1,-55,18
-1,-46,19
1,-34,41
-5,-27,51
-3,-4,55
0,13,57
8,30,50
-4,55,38
-4,84,38
2,79,23
8,82,1
13,62,-21
10,50,-42
14,39,-50
15,18,-57
17,23,-61
16,18,-69
14,11,-66
14,19,-66
16,-9,-86
21,-29,-74
55,-19,-127
11,61,-20
15,71,-57
11,55,-47
8,56,-33
16,57,-35
15,57,-25
21,61,-41
18,59,-29
19,56,-20
24,51,-24
26,54,-21
22,58,-18
24,60,-14
23,61,-25
20,57,-37
26,56,-52
20,29,-80
30,65,-25
22,42,-16
23,49,-20
22,59,-20
21,60,-19
16,63,-15
11,60,-26
12,63,-30
10,55,-48
8,39,-70
15,47,-50
26,40,-43
16,20,-56
18,24,-58
19,17,-58
16,14,-62
18,14,-54
22,24,-51
14,0,-61
7,6,-65
13,16,-44
8,12,-48
8,17,-60
6,19,-56
0,14,-59
-2,22,-71
-2,29,-60
0,25,-64
-1,18,-67
-3,22,-63
-1,27,-60
-4,20,-74
0,26,-61
-6,20,-51
0,46,-55
4,32,-64
0,24,-58
8,23,-52
7,33,-51
6,21,-57
16,23,-59
18,17,-61
19,21,-65
18,15,-61
15,6,-59
16,22,-54
14,22,-63
8,23,-68
9,26,-61
10,29,-50
10,26,-53
5,21,-56
7,24,-59
6,35,-51
4,22,-71
2,25,-64
0,36,-55
0,32,-54
2,28,-46
-3,25,-63
-3,20,-58
2,37,-62
-2,30,-60
2,39,-64
8,42,-53
-3,29,-55
4,26,-53
6,34,-60
11,26,-74
7,13,-60
22,28,-61
16,20,-59
10,19,-57
11,27,-52
19,26,-77
7,34,-52
11,28,-47
9,29,-53
8,30,-50
9,36,-60
4,34,-51
6,39,-52
3,29,-65
3,34,-66
7,42,-54
3,38,-53
-4,29,-60
-4,34,-60
0,44,-52
0,39,-46
0,42,-42
3,45,-43
8,51,-44
6,43,-52
6,28,-46
2,43,-49
9,35,-57
12,29,-62
17,39,-53
15,33,-63
13,30,-53
9,29,-52
13,35,-50
15,37,-58
13,44,-64
11,37,-53
8,33,-61
9,27,-55
6,29,-54
6,29,-58
10,40,-51
2,22,-68
-1,30,-65
-6,38,-53
-7,30,-50
-10,23,-57
-9,26,-59
-3,25,-62
-2,26,-42
2,34,-53
-2,21,-61
5,38,-51
4,33,-61
5,26,-50
4,34,-52
6,33,-63
12,27,-64
12,26,-35
13,24,-55
11,19,-65
14,21,-66
8,22,-62
10,17,-44
10,25,-54
14,40,-65
10,39,-56
8,36,-58
7,33,-62
5,32,-60
1,34,-60
-2,29,-69
-4,39,-62
-9,36,-48
-10,35,-53
-7,27,-61
-3,24,-66
-1,38,-52
1,36,-53
-1,39,-59
-4,30,-46
3,34,-53
6,33,-61
2,26,-60
5,31,-60
7,32,-61
7,20,-72
12,29,-62
17,32,-51
16,13,-64
18,17,-60
15,26,-47
13,24,-53
7,23,-60
9,23,-52
6,33,-56
3,37,-53
-1,33,-54
-10,26,-53
-13,30,-57
-12,29,-59
-15,32,-66
-18,40,-51
-16,41,-48
-15,40,-47
-15,43,-51
-22,41,-48
-18,42,-52
-17,31,-17
-4,61,-71
-25,17,-21
-40,8,1
-63,-18,11
-64,-33,12
-54,-32,12
-50,-42,12
-30,-55,15
-18,-70,7
-10,-65,-7
-4,-65,-4
-5,-60,-12
-9,-50,-10
-2,-55,0
-2,-53,-3
-6,-55,6
-6,-52,7
-5,-47,21
-3,-38,41
-6,-34,45
-8,-17,50
-2,19,57
3,28,47
3,84,32
-5,96,18
11,97,2
4,75,-25
5,53,-30
0,48,-47
2,37,-52
4,19,-57
0,13,-66
0,15,-66
-3,10,-75
2,-8,-82
8,-17,-101
28,10,-91
14,57,-74
-1,77,-14
4,64,-21
8,62,-28
14,65,-22
18,66,-20
9,60,-10
13,63,-17
12,63,-23
17,61,-26
17,60,-18
19,58,-9
19,60,-12
17,65,-24
19,61,-28
27,69,-38
27,47,-66
24,63,1
21,51,-20
20,49,-17
21,59,-14
19,63,-9
17,68,-10
18,65,-15
18,69,-31
19,58,-40
18,34,-46
12,20,-23
17,42,-48
16,38,-47
15,38,-57
17,29,-53
12,28,-52
11,19,-61
8,22,-53
9,17,-60
7,23,-58
1,25,-56
5,26,-60
3,22,-50
2,26,-60
4,35,-59
-1,28,-61
-7,33,-63
-10,23,-55
-8,37,-47
-10,29,-57
-9,26,-65
-8,20,-58
-1,29,-49
-1,39,-57
-2,33,-56
2,31,-46
-2,30,-61
7,24,-53
6,28,-55
3,26,-73
9,19,-65
9,30,-64
8,18,-70
12,16,-63
12,23,-54
13,25,-57
11,21,-64
16,21,-53
10,29,-58
7,18,-55
9,21,-66
4,19,-58
8,36,-53
13,29,-65
10,30,-68
6,38,-53
6,35,-58
1,26,-58
1,21,-58
-2,24,-63
3,24,-63
1,35,-54
-1,29,-64
5,40,-49
5,28,-49
2,24,-62
5,37,-58
6,30,-63
3,17,-62
12,29,-61
12,24,-61
13,26,-60
13,22,-53
8,24,-59
14,27,-65
13,32,-59
12,29,-59
10,27,-53
10,24,-52
5,26,-52
6,30,-62
7,33,-60
2,31,-64
3,31,-65
5,42,-51
3,35,-49
-1,29,-62
-1,24,-58
-1,25,-54
1,31,-54
1,33,-53
3,27,-51
5,32,-55
6,26,-61
4,33,-57
2,33,-64
7,29,-66
10,28,-70
10,30,-67
12,25,-65
12,31,-54
11,23,-56
10,28,-51
17,33,-52
9,28,-55
8,34,-45
13,33,-59
9,31,-50
3,26,-63
6,33,-55
7,37,-63
6,33,-64
4,38,-67
-3,31,-48
-3,34,-59
0,35,-55
-1,28,-69
-1,32,-48
-3,27,-53
0,32,-49
2,38,-61
1,36,-56
3,35,-53
1,38,-63
4,34,-56
7,42,-66
8,29,-59
13,41,-56
11,30,-52
12,29,-60
10,30,-64
10,34,-58
10,34,-47
15,38,-57
11,44,-53
10,44,-44
10,43,-50
8,37,-45
7,39,-53
3,40,-47
5,41,-54
1,31,-64
-2,33,-59
-1,36,-53
-1,37,-46
-4,31,-54
-6,26,-60
-1,35,-58
-2,29,-48
-1,43,-60
-4,36,-55
-4,30,-45
1,31,-50
-2,33,-63
7,35,-63
8,41,-55
14,34,-59
14,22,-57
13,32,-53
13,22,-61
9,9,-59
14,23,-59
11,28,-61
11,20,-53
7,25,-60
4,28,-48
4,32,-56
3,29,-55
-4,23,-54
-3,29,-59
-7,33,-55
-10,34,-66
-5,34,-58
-16,34,-52
-10,43,-50
-13,33,-52
-11,42,-51
-12,44,-49
-11,38,-47
-8,49,-53
-10,46,-50
1,60,-62
-28,32,-28
-52,19,-21
-62,13,-5
-67,10,-12
-67,-8,2
-62,-12,8
-50,-30,8
-38,-53,-1
-22,-67,4
-15,-66,-3
-14,-64,-12
-12,-63,-4
-8,-60,-9
-2,-66,5
0,-48,14
-1,-42,25
-3,-34,40
-1,-16,54
1,5,56
4,32,59
7,34,44
0,86,34
3,88,18
9,78,6
17,73,-20
11,54,-35
8,39,-45
14,35,-48
14,23,-59
14,22,-66
11,19,-66
16,21,-57
10,14,-81
9,-31,-60
37,-1,-115
19,93,48
55,79,-54
14,69,-21
13,63,-37
10,54,-3
22,68,-36
17,60,-28
8,62,-15
10,59,-17
14,61,-13
10,62,-14
11,66,-13
17,62,-18
16,68,-39
18,55,-52
16,40,-57
15,49,-18
14,51,-25
15,57,-22
11,60,-18
11,68,-20
11,67,-27
16,67,-33
12,63,-36
15,51,-58
15,49,-45
13,51,-35
22,50,-27
28,37,-60
21,40,-64
14,35,-44
10,33,-55
14,30,-62
14,27,-67
14,26,-58
7,20,-46
10,22,-56
10,31,-64
8,26,-48
10,32,-49
1,24,-61
3,28,-57
4,33,-68
-2,21,-57
-4,28,-57
0,25,-54
-3,22,-66
1,25,-65
6,23,-58
2,31,-55
4,26,-59
8,28,-53
6,20,-64
10,22,-61
5,18,-47
11,19,-67
15,18,-63
13,26,-61
16,17,-54
15,15,-71
17,16,-60
10,8,-57
12,17,-57
13,18,-51
9,24,-56
9,23,-59
8,21,-52
5,23,-59
1,26,-57
5,31,-65
6,31,-64
-2,22,-69
0,30,-52
-1,31,-51
-3,19,-57
-4,23,-64
2,26,-56
5,26,-52
3,27,-56
2,41,-56
11,35,-48
8,34,-53
4,31,-51
14,37,-68
11,29,-56
8,31,-61
15,29,-67
16,18,-55
8,19,-51
7,29,-45
10,21,-58
12,35,-59
11,31,-58
9,34,-53
7,31,-61
5,28,-63
3,33,-51
4,36,-56
6,35,-67
5,33,-63
1,40,-47
-2,34,-50
-3,29,-63
-4,25,-65
-3,22,-56
4,33,-57
3,26,-61
6,44,-51
2,28,-61
2,28,-62
3,35,-52
6,34,-51
10,29,-61
11,24,-59
13,25,-58
17,24,-61
13,19,-67
6,23,-56
10,22,-44
10,26,-47
11,31,-53
9,34,-58
9,30,-56
8,30,-62
6,33,-62
4,31,-56
5,30,-66
4,31,-59
-1,34,-53
-6,20,-55
-4,25,-61
-4,29,-59
2,37,-53
2,44,-50
0,35,-49
0,33,-62
-1,34,-44
10,47,-65
2,39,-55
4,36,-53
4,31,-64
11,28,-55
13,28,-72
18,33,-54
12,21,-60
11,28,-53
9,28,-52
11,24,-59
10,38,-52
11,40,-45
12,41,-51
9,36,-47
10,35,-54
6,33,-53
6,40,-47
5,32,-63
4,27,-61
0,37,-56
-1,37,-50
-1,38,-54
-4,32,-59
-3,33,-62
-5,30,-51
-1,40,-46
-2,30,-53
2,40,-53
3,35,-57
5,40,-68
1,37,-56
1,26,-57
4,26,-64
4,21,-61
6,15,-50
14,21,-60
14,21,-61
10,21,-56
11,26,-55
12,18,-60
10,21,-49
9,28,-56
3,25,-55
6,29,-61
4,26,-60
-4,23,-57
-7,36,-62
-15,31,-63
-16,24,-76
-19,36,-52
-26,32,-55
-20,35,-53
-24,29,-39
-23,41,-50
-26,35,-36
-14,63,-44
-5,44,-64
-22,5,-3
-79,-44,6
-63,-29,-26
-62,-17,0
-61,-28,-8
-53,-27,3
-42,-45,14
-23,-84,3
-10,-69,1
-6,-65,-6
-1,-65,-9
-12,-57,-13
-10,-48,-15
-6,-54,-13
-8,-60,-2
-5,-55,-3
-5,-48,14
-3,-39,42
-5,-24,45
-8,-12,53
0,20,60
-4,28,30
-2,83,35
1,95,19
7,82,-6
15,68,-32
12,58,-37
9,41,-47
10,29,-47
15,24,-62
6,16,-58
4,10,-62
12,18,-69
13,9,-58
17,5,-98
43,-23,-91
35,101,82
-23,47,5
6,73,-28
12,70,-18
10,71,-26
11,63,-17
18,69,-22
6,62,-4
8,63,-15
12,64,-11
15,61,-12
13,63,-9
14,65,-6
10,65,-5
11,67,-10
11,75,-26
16,77,-41
14,49,-67
16,71,-7
6,51,-20
3,55,-22
4,63,-18
4,64,-10
1,65,-8
-4,65,-9
4,47,-18
-4,46,-19
12,40,-72
4,21,-46
6,35,-79
5,22,-63
11,25,-51
10,26,-51
10,20,-58
9,17,-57
11,14,-55
10,20,-55
7,20,-65
8,19,-47
2,26,-50
4,27,-59
-2,32,-56
-4,27,-62
-2,24,-68
-8,25,-59
-2,20,-74
-3,36,-63
-8,33,-53
-9,23,-62
-9,29,-64
3,41,-52
-5,27,-59
0,29,-59
0,29,-50
-3,29,-52
-1,29,-59
0,21,-72
-3,22,-60
3,26,-68
4,24,-70
11,35,-57
9,25,-54
10,15,-53
7,18,-59
8,21,-58
8,23,-51
8,28,-70
7,29,-60
6,32,-57
9,32,-53
3,21,-56
2,30,-60
3,37,-74
3,28,-57
1,29,-61
2,37,-55
-2,33,-50
-2,27,-61
-5,30,-66
1,28,-64
2,25,-46
2,34,-49
1,37,-58
1,33,-51
1,32,-58
5,32,-59
2,32,-48
3,30,-63
4,30,-58
6,32,-61
11,31,-58
13,26,-57
9,29,-57
8,28,-59
5,27,-50
14,32,-57
13,42,-54
11,37,-47
10,34,-59
4,33,-52
5,30,-57
5,34,-51
6,34,-63
-2,22,-67
-3,30,-64
-2,35,-55
-3,33,-54
0,33,-50
-5,25,-60
-1,30,-57
2,36,-53
1,29,-47
1,28,-63
5,38,-65
1,27,-64
3,29,-55
4,28,-63
7,33,-60
14,30,-67
12,26,-61
9,19,-60
9,15,-64
19,26,-57
14,29,-59
13,26,-47
9,19,-58
7,25,-54
9,33,-55
6,27,-58
4,25,-61
3,23,-53
4,31,-60
-3,24,-71
-3,29,-56
-4,31,-56
-3,36,-51
-5,29,-61
-6,28,-56
-5,27,-50
-1,36,-55
3,40,-60
2,39,-42
3,39,-48
3,35,-51
4,41,-53
1,37,-52
6,35,-52
7,33,-59
10,27,-62
13,38,-58
11,27,-58
11,31,-50
8,29,-60
9,29,-56
13,39,-60
14,38,-53
13,39,-48
10,38,-50
10,32,-54
7,37,-50
3,37,-55
0,32,-69
0,36,-61
2,45,-41
-4,36,-58
-6,35,-60
-4,34,-60
-4,33,-59
-2,34,-59
-6,27,-49
-1,33,-48
-1,32,-54
1,30,-50
1,25,-53
3,27,-56
4,36,-67
5,31,-56
6,22,-69
11,28,-56
11,24,-68
13,18,-63
11,24,-56
5,19,-65
11,25,-63
6,25,-70
7,27,-63
2,26,-53
0,30,-58
-5,26,-58
-5,28,-51
-10,34,-52
-13,32,-68
-17,31,-62
-22,36,-52
-16,38,-43
-18,34,-55
-21,42,-47
-24,46,-45
-26,35,-45
-14,35,-46
-11,44,-52
-27,7,-17
-62,-13,-1
-56,-18,-4
-62,-22,-4
-57,-38,8
-44,-53,5
-30,-73,1
-16,-65,-8
-13,-62,-11
-11,-66,-6
-6,-63,-10
-2,-60,3
-2,-56,6
1,-46,11
-2,-45,23
-5,-37,37
-1,-16,50
-5,-7,59
-4,17,56
6,53,38
8,90,21
13,90,15
15,76,-1
10,56,-24
16,58,-38
12,35,-56
16,27,-50
22,18,-60
20,8,-59
21,13,-58
24,12,-60
21,-1,-64
21,-31,-72
21,-64,-78
-1,-118,-67
-10,62,-6
43,78,-36
15,37,-16
20,55,-41
12,54,-26
21,59,-33
15,58,-23
20,59,-31
20,57,-29
18,57,-26
18,57,-23
16,58,-18
13,61,-15
10,64,-15
15,60,-36
19,57,-44
26,50,-63
21,38,-48
19,46,-23
21,49,-18
22,57,-17
18,61,-11
15,66,-13
16,73,-29
15,56,-46
12,33,-70
17,42,-39
16,26,-57
13,33,-68
14,20,-57
15,22,-54
9,20,-58
10,14,-50
10,11,-55
4,13,-65
8,23,-62
11,18,-55
10,22,-53
8,23,-58
6,18,-63
7,21,-75
8,20,-63
9,18,-73
4,17,-66
2,23,-45
1,32,-64
1,25,-50
1,30,-60
0,24,-53
0,29,-55
2,37,-61
0,23,-62
2,31,-65
1,22,-64
2,30,-61
7,22,-59
10,18,-63
11,19,-66
9,23,-68
13,3,-68
14,11,-70
13,22,-47
11,23,-62
12,23,-57
10,22,-60
10,21,-52
12,27,-58
9,25,-61
11,23,-72
4,19,-50
5,28,-58
11,31,-62
-7,16,-69
2,32,-59
0,28,-51
-5,21,-62
-2,27,-68
6,34,-62
1,28,-53
4,35,-50
7,35,-54
0,31,-62
6,24,-63
2,21,-54
6,28,-49
9,27,-61
14,21,-54
12,30,-59
18,27,-66
12,10,-55
18,17,-63
14,25,-60
13,19,-53
11,32,-49
8,29,-51
8,27,-51
7,26,-59
9,26,-55
11,36,-57
10,37,-56
8,25,-64
6,36,-64
1,31,-52
4,38,-55
4,37,-56
-1,25,-61
3,32,-61
2,31,-54
1,25,-50
5,36,-52
2,28,-53
5,24,-64
4,30,-50
6,28,-58
6,29,-67
10,24,-63
11,23,-56
13,26,-62
11,19,-65
11,20,-55
7,26,-57
12,24,-45
7,30,-44
14,35,-55
13,37,-51
12,38,-56
8,30,-54
8,35,-52
10,46,-48
4,36,-63
6,36,-59
0,44,-55
-1,37,-53
1,43,-52
-6,31,-54
-1,36,-55
0,41,-51
3,44,-48
4,45,-40
2,44,-52
1,38,-51
8,40,-61
6,33,-44
5,28,-50
12,30,-62
12,28,-57
12,29,-57
16,30,-64
13,27,-53
13,31,-57
12,31,-59
13,31,-54
9,32,-39
14,38,-55
10,36,-41
8,38,-49
8,39,-48
11,37,-51
8,38,-51
7,42,-55
7,38,-57
1,35,-62
4,42,-54
-5,33,-52
-2,27,-61
2,35,-56
-1,33,-56
1,34,-51
-1,33,-49
0,39,-53
4,41,-52
4,38,-56
1,29,-62
5,32,-60
2,26,-67
7,30,-75
7,21,-70
8,19,-61
8,16,-66
17,11,-66
21,23,-51
12,19,-62
14,15,-60
16,16,-63
11,18,-66
12,20,-63
11,27,-62
7,21,-60
0,26,-63
0,31,-54
-3,36,-56
-7,32,-67
-15,29,-62
-18,36,-58
-20,35,-48
-21,37,-43
-15,28,-52
-15,48,-45
-14,47,-52
-24,46,-28
-11,49,-67
0,46,-33
-57,-11,18
-63,-16,14
-65,-21,14
-60,-29,27
-56,-29,2
-37,-35,9
-24,-70,20
-12,-67,6
-3,-63,0
-4,-62,-8
-10,-66,-15
-9,-56,-10
-5,-56,-16
-7,-53,-9
-10,-61,2
-8,-51,-1
-7,-58,17
-6,-38,28
-3,-25,44
-2,-11,48
-4,6,51
2,29,48
10,56,39
7,86,34
12,95,18
12,80,-10
15,62,-28
9,43,-36
5,39,-45
5,22,-58
8,12,-58
9,11,-61
11,23,-66
12,21,-68
10,20,-69
13,-25,-95
30,-23,-121
32,1,-115
4,63,-14
29,78,-98
19,62,-43
11,61,-45
6,59,-14
10,60,-18
12,61,-29
12,57,-30
13,57,-27
14,59,-24
16,57,-26
16,60,-23
16,59,-20
14,61,-19
12,64,-15
10,65,-19
15,72,-33
20,67,-42
20,48,-63
21,54,-23
17,52,-17
15,48,-20
16,63,-14
14,62,-9
12,63,-5
8,71,-20
12,66,-28
11,53,-49
8,26,-43
3,25,-30
8,23,-50
12,35,-60
11,20,-56
17,26,-55
10,22,-61
8,16,-59
6,16,-62
8,16,-64
8,16,-56
7,19,-58
7,25,-54
2,26,-50
-1,20,-60
-4,15,-55
-5,29,-50
-1,32,-78
-2,25,-53
-9,33,-47
-8,29,-54
-2,33,-58
-6,24,-61
-6,28,-59
-9,18,-54
-10,24,-49
3,37,-62
2,34,-64
3,30,-58
0,32,-55
-2,21,-60
4,26,-70
13,8,-72
11,18,-58
16,25,-55
12,9,-69
12,13,-52
6,16,-60
17,25,-75
13,25,-39
9,26,-54
8,24,-57
11,27,-58
6,22,-61
5,29,-52
4,21,-70
1,22,-63
4,36,-60
1,36,-53
-3,19,-65
-1,23,-64
-4,22,-71
3,33,-60
-3,30,-47
1,34,-48
0,30,-57
1,26,-57
1,22,-62
-1,26,-55
6,30,-61
11,25,-65
7,18,-49
16,30,-63
12,21,-73
16,21,-66
14,23,-46
6,22,-55
13,23,-69
5,27,-59
9,30,-44
6,21,-53
0,28,-61
7,36,-60
6,45,-53
0,26,-66
-3,28,-62
-4,35,-53
-4,29,-51
-4,28,-52
-7,23,-70
-9,26,-50
0,26,-57
2,32,-55
-5,29,-62
3,37,-46
-1,29,-59
2,38,-57
1,30,-57
4,31,-70
12,24,-67
9,17,-48
10,22,-61
15,20,-59
12,21,-54
11,22,-58
15,29,-65
12,27,-47
7,15,-50
12,30,-53
15,34,-68
9,25,-50
5,20,-56
6,32,-55
6,36,-59
6,31,-64
10,36,-52
-4,29,-58
-3,29,-46
-5,26,-54
-7,22,-64
0,29,-61
2,29,-50
6,34,-56
2,29,-56
5,34,-50
4,32,-63
4,33,-55
2,30,-65
4,23,-59
10,25,-60
13,31,-58
11,20,-56
6,15,-74
10,22,-64
16,27,-62
9,25,-51
11,25,-50
8,33,-55
9,36,-54
9,37,-54
6,33,-59
6,36,-57
2,36,-61
-2,25,-65
-1,32,-63
1,34,-54
-1,38,-51
-6,31,-53
-4,30,-59
0,33,-60
2,36,-53
6,42,-43
-1,37,-60
4,41,-53
0,32,-65
1,35,-55
4,31,-58
4,21,-68
10,26,-61
11,27,-59
14,24,-61
11,14,-64
10,21,-56
9,23,-61
12,24,-54
6,19,-55
6,25,-56
2,21,-56
1,28,-54
-1,24,-61
-3,29,-57
-8,30,-57
-13,24,-63
-15,32,-61
-13,42,-60
-15,34,-45
-15,38,-47
-19,43,-54
-22,41,-45
-14,61,-49
-10,48,-58
-19,29,-16
-54,-7,-2
-88,-70,20
-72,-9,-6
-61,-13,4
-41,-52,17
-25,-74,6
-11,-69,-14
-4,-60,-9
-4,-61,-11
-2,-56,-7
1,-62,-11
-3,-47,-18
2,-44,11
1,-40,34
0,-25,44
0,-12,58
0,16,58
2,37,54
5,65,29
2,93,29
2,89,21
6,75,-9
9,65,-28
7,43,-45
10,32,-53
12,21,-53
11,12,-68
13,21,-66
13,8,-59
20,18,-73
20,-11,-90
6,-26,-124
-9,-16,-88
-69,-8,50
24,68,-18
20,62,-55
22,49,-27
17,57,-41
14,57,-28
19,57,-33
8,50,-23
18,50,-43
20,50,-37
17,52,-37
14,50,-35
13,55,-29
14,56,-28
13,55,-43
9,53,-62
6,41,-68
6,19,-74
12,43,-40
17,38,-38
15,43,-36
13,50,-39
14,53,-37
12,58,-43
9,48,-58
10,36,-64
2,13,-80
12,36,-56
16,25,-52
41,-31,-6
21,30,-67
14,14,-67
14,31,-56
11,10,-56
12,9,-58
6,9,-59
5,3,-59
13,28,-74
3,15,-55
4,17,-68
5,19,-61
6,19,-51
7,38,-64
0,24,-80
-1,21,-74
1,37,-57
-2,36,-57
-1,24,-61
-4,29,-73
-5,23,-60
-5,25,-59
-3,14,-56
2,28,-45
8,13,-62
6,27,-55
6,26,-54
12,18,-59
8,12,-73
17,23,-49
16,21,-64
17,19,-63
11,15,-51
16,23,-58
11,19,-46
9,29,-59
14,40,-51
3,26,-62
2,20,-60
3,21,-53
2,25,-59
5,37,-68
-10,27,-73
-11,20,-51
-14,26,-54
-10,28,-52
-11,18,-64
-5,32,-73
3,34,-61
2,34,-57
0,23,-50
0,32,-57
5,27,-65
2,27,-65
6,38,-59
8,29,-64
12,16,-58
15,29,-55
19,26,-63
19,20,-70
10,4,-65
14,21,-57
7,19,-46
8,22,-60
6,23,-49
10,29,-55
6,30,-63
2,29,-54
-1,27,-56
-1,33,-64
-3,33,-61
-5,28,-73
-6,30,-50
-9,30,-57
-5,32,-53
-1,35,-56
-5,31,-56
0,32,-46
3,37,-46
0,42,-62
-1,27,-45
5,33,-57
6,28,-64
2,30,-55
10,26,-58
9,26,-72
13,26,-53
16,26,-61
16,19,-73
17,19,-69
11,22,-58
11,20,-42
10,30,-47
5,26,-67
7,33,-57
5,21,-47
2,27,-57
7,35,-58
0,29,-62
-2,31,-65
-6,20,-48
-2,36,-47
-6,29,-48
-6,30,-52
-8,31,-56
-4,46,-54
4,46,-48
-1,43,-46
1,45,-45
2,48,-44
4,48,-51
17,50,-57
-2,37,-55
8,38,-55
12,37,-56
16,44,-64
12,39,-38
17,39,-45
9,30,-59
13,34,-46
10,31,-47
16,49,-84
7,38,-46
15,50,-50
7,27,-32
10,36,-51
11,40,-59
4,32,-46
1,30,-57
3,32,-64
-3,29,-61
-6,31,-42
0,33,-43
-7,24,-46
-5,26,-65
5,29,-52
0,32,-51
0,35,-52
7,34,-51
5,-5,-63
13,38,-45
5,26,-55
15,38,-65
11,26,-67
22,28,-67
32,34,-66
24,15,-58
27,12,-49
21,9,-59
22,26,-47
29,41,-46
32,33,-36
32,32,-56
31,29,-36
34,15,-23
51,23,-40
60,20,-22
61,11,-17
62,-9,-14
69,-20,-25
72,-25,1
63,-38,-2
48,-59,0
36,-55,8
9,-54,-8
-5,-50,-10
-15,-60,-13
-6,-62,-2
-8,-61,-8
-12,-64,-4
-12,-56,-5
-13,-62,-4
-10,-54,-11
-10,-61,-4
-7,-47,7
-8,-46,19
-10,-41,34
-7,-18,50
-7,-23,64
0,2,59
6,28,53
5,34,24
15,75,44
16,90,20
18,75,2
26,68,1
33,51,-2
38,50,-24
42,41,-25
45,37,-34
51,30,-29
56,26,-27
58,22,-33
67,27,-21
64,9,-40
60,18,-33
45,14,-35
33,12,-64
27,1,-76
18,-28,-74
11,-9,-102
26,-13,-89
-51,46,0
-4,58,-20
12,67,-21
5,50,3
16,55,-5
-4,49,-6
36,64,-25
22,60,-25
25,58,-27
17,54,-15
32,61,-30
23,55,-16
25,59,-17
17,60,-13
20,60,-13
18,62,-22
21,61,-38
26,54,-48
21,32,-61
20,40,-25
25,51,-12
27,54,-9
27,56,-11
24,60,-7
20,65,-4
15,66,-17
9,65,-35
8,41,-63
-6,45,-47
26,43,-51
15,40,-53
22,29,-51
5,26,-47
0,25,-55
7,22,-53
3,15,-58
7,20,-58
9,13,-56
12,16,-62
4,10,-39
7,19,-59
8,9,-70
-2,11,-41
10,24,-45
0,29,-54
-1,27,-64
-4,36,-66
-7,43,-74
-5,31,-61
-16,18,-46
-8,32,-55
-13,19,-61
-8,28,-63
-4,21,-47
1,38,-51
-4,22,-77
-2,19,-54
-3,22,-52
-4,29,-63
2,32,-56
2,25,-64
5,22,-74
7,28,-76
9,25,-62
13,21,-71
7,14,-46
7,18,-61
2,19,-64
11,30,-57
5,23,-70
6,29,-57
6,26,-39
10,45,-74
1,17,-72
-5,19,-61
5,36,-58
-5,21,-61
-9,36,-59
-7,34,-49
-3,37,-53
-6,31,-58
1,37,-62
0,39,-61
0,31,-57
-2,30,-46
2,36,-67
-2,35,-60
-7,20,-48
2,20,-84
10,39,-79
0,31,-60
1,23,-66
6,22,-59
11,22,-62
10,3,-59
16,7,-64
11,16,-57
14,15,-36
4,34,-61
8,24,-52
12,25,-57
5,23,-58
8,30,-59
7,26,-62
0,26,-57
-2,24,-55
-5,24,-65
-1,34,-67
-6,30,-49
-5,30,-59
-6,26,-55
-6,34,-64
0,43,-53
-3,34,-49
-2,36,-49
3,46,-50
4,43,-45
0,42,-41
-1,37,-55
6,46,-50
3,41,-50
5,39,-65
2,21,-66
8,30,-56
9,26,-69
8,20,-60
15,37,-57
4,29,-46
16,36,-62
4,29,-35
11,40,-48
12,38,-50
8,31,-51
6,33,-57
4,32,-55
2,35,-58
4,39,-55
-1,34,-71
-3,39,-64
0,39,-45
-4,40,-49
-6,34,-52
-9,32,-58
-10,34,-58
0,43,-54
2,34,-44
-3,33,-44
5,41,-64
3,40,-51
6,44,-62
5,46,-41
-2,29,-57
4,33,-57
3,23,-51
9,35,-55
7,31,-66
5,24,-67
10,44,-79
3,26,-48
8,38,-63
-4,28,-55
2,30,-51
3,30,-51
6,37,-64
5,32,-63
1,35,-51
-1,34,-60
-1,38,-60
-9,24,-58
-9,31,-50
-4,33,-54
-1,35,-60
-8,16,-51
-6,26,-57
-7,30,-71
-4,32,-50
-2,37,-54
-5,30,-61
-6,30,-49
-1,24,-72
4,37,-62
3,22,-52
3,21,-59
7,21,-64
10,15,-65
9,12,-65
8,11,-63
7,13,-59
10,13,-58
10,25,-62
7,27,-69
6,23,-62
3,23,-51
3,30,-56
-1,31,-48
-4,37,-49
-5,42,-70
-3,48,-47
-12,41,-49
-18,38,-32
-13,43,-40
-13,32,-47
-12,50,-44
-9,56,-52
-15,34,-37
4,54,-48
1,32,-60
-24,17,-15
-52,42,-59
-73,16,-11
-36,-40,1
-28,-70,2
-19,-69,-7
-12,-65,-11
-10,-62,-16
-12,-73,0
-10,-62,15
-10,-50,20
-4,-36,35
-4,-25,42
-3,-16,49
-1,-1,72
9,31,51
4,33,30
8,69,29
13,90,9
8,78,8
15,61,-11
26,72,-26
7,47,-49
48,116,-7
33,67,-52
-22,26,-40
-26,30,-58
-17,-16,-14
-8,-33,-36
2,12,-71
-3,11,-62
1,10,-66
12,25,-69
24,36,-24
13,9,-58
16,6,-62
16,3,-61
17,5,-62
17,9,-62
23,12,-70
22,-8,-81
29,-35,-96
2,49,-10
34,67,-47
25,84,-40
17,73,-30
23,61,-62
5,53,-29
8,51,-37
4,53,-23
15,55,-49
10,52,-41
9,52,-36
8,54,-31
7,55,-29
8,55,-26
5,59,-26
3,60,-19
3,62,-22
3,66,-37
5,61,-45
4,35,-68
9,56,-54
8,44,-57
30,53,-66
10,34,-43
14,31,-51
17,33,-39
16,27,-47
13,24,-53
16,18,-66
14,24,-63
10,27,-54
6,22,-59
6,33,-50
6,24,-54
6,24,-50
1,19,-55
1,34,-52
-2,18,-73
4,26,-68
2,39,-61
-1,29,-53
-1,33,-56
0,31,-63
5,32,-53
5,45,-53
-3,32,-53
0,29,-55
1,31,-51
6,28,-66
1,29,-45
3,31,-64
7,35,-66
9,27,-59
10,34,-69
13,23,-64
11,16,-70
10,20,-57
4,20,-63
12,27,-52
10,28,-56
9,31,-52
10,27,-56
6,25,-62
9,27,-57
4,28,-60
11,39,-62
5,27,-59
-4,26,-63
1,28,-57
-1,26,-56
2,23,-61
-1,20,-61
-6,12,-64
4,28,-57
1,26,-67
0,21,-51
4,31,-46
4,29,-58
1,31,-55
7,29,-71
14,30,-67
11,29,-56
11,31,-58
15,24,-67
16,25,-60
8,28,-56
12,29,-49
13,32,-43
11,44,-59
7,36,-49
11,40,-50
3,32,-53
4,36,-47
5,39,-56
5,31,-67
5,36,-59
-1,41,-47
-1,41,-50
-2,25,-63
-5,24,-64
1,36,-53
1,39,-49
1,40,-51
4,43,-47
4,32,-44
5,32,-58
7,41,-52
5,31,-49
10,32,-50
13,26,-59
13,29,-53
16,24,-59
15,26,-66
14,30,-65
12,22,-56
11,28,-54
8,34,-59
11,36,-51
9,32,-57
10,32,-62
8,28,-59
6,31,-55
8,38,-59
5,31,-62
1,30,-59
2,35,-51
5,37,-48
-2,23,-58
3,31,-59
2,24,-55
6,35,-55
4,30,-59
1,25,-56
4,31,-51
8,30,-58
4,31,-53
6,32,-60
8,31,-68
8,25,-68
14,25,-56
14,22,-67
9,10,-72
9,21,-57
10,25,-58
10,30,-53
6,34,-52
7,31,-52
9,32,-63
6,32,-56
5,27,-56
4,30,-64
8,35,-61
7,28,-64
4,33,-62
1,34,-53
1,32,-51
-1,23,-58
-2,30,-57
1,29,-49
5,41,-57
4,30,-53
0,27,-53
4,32,-54
4,27,-64
1,35,-45
9,31,-64
13,40,-62
8,21,-57
5,24,-68
14,27,-65
12,19,-68
13,22,-51
13,24,-51
14,36,-50
11,26,-50
10,28,-58
10,27,-56
9,24,-54
5,31,-56
8,35,-59
2,25,-69
-2,30,-65
1,33,-55
2,31,-50
-2,23,-58
-2,27,-63
0,24,-51
-2,30,-60
-3,29,-54
2,37,-55
6,36,-60
3,36,-50
6,33,-59
10,30,-72
8,13,-67
12,30,-37
12,26,-52
16,28,-58
18,29,-47
22,34,-46
27,34,-46
27,34,-38
24,18,-39
40,1,-29
72,8,-29
71,-2,-15
55,-29,-9
54,-45,-14
48,-52,-8
43,-68,-3
23,-57,-11
2,-57,-12
-5,-53,-17
-7,-60,-11
-6,-52,-2
-10,-52,-3
-10,-51,10
-11,-44,25
-12,-30,35
-9,-25,51
-8,-2,61
-4,25,61
2,41,38
6,83,41
10,102,18
13,78,-6
18,75,-29
18,55,-38
21,54,-41
15,39,-49
17,28,-55
16,16,-61
16,16,-59
15,15,-67
20,21,-65
24,23,-63
19,-19,-78
28,-19,-94
24,-49,-57
-62,17,-62
23,90,-54
6,54,-11
19,61,-41
11,62,-19
21,64,-52
13,59,-26
17,61,-32
11,54,-22
12,57,-24
9,58,-12
8,60,-9
11,64,-8
11,67,-22
14,69,-32
22,63,-50
16,40,-66
21,63,-25
21,49,-16
19,54,-13
18,61,-10
15,65,-4
10,65,-13
12,66,-29
10,59,-45
10,44,-69
9,39,-49
15,34,-55
10,29,-55
9,29,-55
12,29,-53
13,25,-56
9,17,-48
8,12,-65
2,18,-62
3,24,-60
7,31,-62
2,27,-51
-2,22,-57
-7,28,-65
-4,34,-54
-9,23,-62
-9,21,-57
-11,35,-47
-7,34,-54
-3,34,-53
-2,36,-62
-1,36,-53
-4,31,-50
-1,39,-48
-2,30,-49
1,30,-56
7,27,-63
3,30,-59
0,27,-60
7,30,-66
11,13,-79
17,24,-69
14,22,-62
12,18,-57
11,19,-52
12,24,-71
18,23,-57
9,28,-67
13,30,-46
12,23,-58
10,29,-55
7,24,-61
8,26,-57
5,35,-62
1,27,-76
-4,23,-63
-4,34,-56
1,39,-61
-6,27,-61
-7,25,-59
-1,40,-63
1,31,-66
-5,22,-55
5,40,-52
0,27,-60
6,30,-68
0,31,-59
1,30,-58
7,24,-67
5,20,-64
10,18,-64
9,21,-62
15,22,-59
8,18,-49
9,23,-61
9,28,-60
10,27,-63
7,31,-60
6,30,-60
3,34,-57
6,30,-60
4,34,-58
0,35,-58
-1,32,-62
-4,26,-61
1,39,-58
-4,31,-40
-10,25,-59
-7,32,-58
-2,44,-60
-2,39,-54
0,45,-49
-1,44,-48
0,41,-48
3,40,-51
1,33,-52
1,37,-52
6,34,-63
11,34,-68
7,30,-58
8,29,-58
20,30,-55
12,24,-68
12,32,-50
13,34,-57
10,31,-52
11,32,-51
14,32,-52
11,36,-61
8,26,-50
4,28,-54
3,32,-51
10,37,-57
4,36,-70
-2,33,-62
-2,34,-56
-1,33,-54
-7,26,-56
-4,25,-60
-3,24,-52
3,36,-52
1,31,-63
6,36,-61
1,27,-47
3,34,-54
1,30,-57
5,34,-57
6,28,-57
8,21,-55
17,33,-58
15,29,-70
18,28,-62
17,35,-57
15,29,-58
18,32,-52
11,30,-40
12,37,-48
13,44,-56
13,43,-52
6,35,-55
8,37,-53
10,42,-48
7,41,-60
1,28,-68
-2,36,-55
-4,36,-51
-4,35,-51
-7,28,-58
-5,28,-54
0,38,-55
1,36,-49
-3,27,-54
0,41,-57
0,33,-51
7,35,-58
2,24,-65
2,30,-55
3,25,-65
10,24,-63
10,24,-51
8,27,-56
15,20,-65
18,21,-71
11,21,-73
10,27,-65
13,29,-59
8,28,-63
7,30,-48
5,24,-59
4,28,-57
0,31,-59
-6,28,-51
-5,39,-58
-11,42,-63
-18,35,-63
-21,34,-49
-18,37,-43
-16,35,-44
-16,46,-52
-19,46,-53
-15,46,-34
-8,48,-57
-9,41,-42
-27,21,-18
-38,73,1
-60,-5,-2
-63,-18,-3
-52,-20,-10
-41,-49,17
-25,-70,13
-9,-62,-10
-2,-65,-2
-2,-62,-8
-7,-59,-12
-3,-59,-4
3,-57,-12
-1,-58,-3
-1,-60,3
2,-63,5
1,-54,18
2,-43,22
-1,-35,40
-7,-32,43
-4,-8,54
-2,12,45
2,23,38
1,65,30
-3,96,30
7,100,15
4,78,-14
12,55,-31
10,41,-37
9,33,-52
11,16,-62
14,4,-60
15,7,-59
18,11,-65
18,1,-72
17,-4,-58
14,-34,-81
23,-31,-76
16,20,-111
18,86,-87
13,52,-18
16,62,-50
10,54,-22
16,55,-35
24,58,-37
12,55,-32
16,56,-35
15,55,-36
14,53,-35
12,53,-29
12,56,-27
12,59,-24
12,61,-23
12,65,-40
19,58,-51
21,49,-58
23,45,-40
16,44,-19
18,48,-23
19,58,-15
17,63,-13
12,63,-11
17,65,-25
19,61,-37
21,53,-52
18,40,-53
21,56,-34
15,45,-40
20,27,-40
21,46,-57
19,30,-46
14,26,-51
17,33,-58
14,29,-67
8,23,-58
6,15,-53
10,26,-56
9,24,-55
9,23,-57
9,27,-53
6,21,-66
11,38,-67
7,27,-67
2,19,-64
4,34,-56
0,28,-65
-2,24,-64
-6,23,-54
0,36,-61
2,25,-54
-2,27,-57
4,33,-56
3,28,-57
4,24,-65
3,10,-46
4,25,-57
6,26,-67
12,22,-68
13,20,-61
13,23,-62
13,21,-58
14,20,-57
10,18,-65
10,22,-48
12,29,-50
12,34,-63
16,27,-53
12,33,-52
8,23,-54
3,21,-49
9,37,-71
7,33,-62
2,31,-68
-3,30,-53
-2,30,-59
-1,27,-64
0,22,-62
-3,25,-49
-1,36,-53
6,32,-54
2,30,-55
5,28,-51
2,16,-52
5,29,-53
5,26,-68
10,21,-65
14,31,-62
11,21,-57
15,14,-70
13,18,-48
12,27,-63
11,24,-61
11,25,-61
6,23,-57
8,22,-52
7,30,-58
9,24,-61
4,24,-55
7,42,-49
5,24,-70
1,23,-67
-2,28,-55
-3,29,-60
-3,27,-55
-6,19,-61
3,34,-59
4,29,-49
6,35,-56
4,27,-61
4,28,-54
2,19,-55
5,29,-59
7,32,-50
12,31,-65
17,27,-60
15,30,-63
16,22,-54
14,21,-54
13,25,-56
9,23,-51
15,28,-60
6,38,-63
9,31,-47
10,38,-54
10,40,-48
9,26,-57
9,34,-52
6,37,-59
9,35,-70
4,32,-66
4,44,-50
0,36,-46
-5,28,-63
2,43,-54
1,31,-57
0,35,-45
4,43,-43
4,43,-50
4,41,-49
5,37,-58
0,29,-50
7,41,-47
12,42,-58
11,33,-59
8,34,-55
13,31,-60
16,34,-51
14,32,-59
15,38,-43
11,33,-53
14,39,-67
10,40,-52
10,41,-46
10,35,-47
9,33,-57
7,32,-57
4,31,-56
5,33,-64
4,31,-58
-3,32,-54
-2,37,-55
-1,36,-52
-3,33,-59
-3,29,-55
-3,26,-57
-5,30,-53
1,30,-62
-2,30,-50
2,32,-60
5,34,-60
1,28,-60
3,27,-62
8,27,-57
10,30,-70
14,29,-65
12,18,-73
11,14,-58
14,11,-57
14,23,-63
13,21,-48
11,25,-55
9,26,-55
9,30,-57
7,29,-60
2,30,-60
2,29,-60
-3,27,-57
-6,29,-61
-11,22,-63
-22,32,-42
-22,38,-46
-19,31,-42
-17,25,-44
-15,35,-43
-25,33,-58
-18,35,-41
-10,57,-49
-13,37,-54
-21,39,-27
-56,2,-13
-62,-3,-15
-59,-12,-3
-60,-12,-4
-59,-35,-2
-48,-54,10
-43,-48,1
-38,-54,0
-29,-62,-5
-28,-63,-16
-31,-57,-11
-30,-64,-3
-16,-58,-16
-15,-55,-3
-11,-53,5
-10,-47,15
-5,-36,34
-6,-26,42
4,9,62
-1,21,56
1,40,24
0,80,37
6,99,22
14,79,-7
15,64,-24
12,55,-36
9,42,-54
14,33,-52
12,14,-61
9,15,-64
12,16,-67
17,18,-74
15,7,-80
16,-24,-91
29,-35,-98
42,56,56
17,80,-20
12,76,-20
10,63,-13
4,53,-21
16,60,-21
5,61,-10
16,66,-26
13,64,-24
12,60,-23
13,64,-21
12,61,-17
9,62,-15
8,64,-11
3,68,-15
11,68,-30
16,69,-43
17,57,-48
14,49,-45
14,51,-19
11,49,-10
11,62,-10
11,63,-4
9,66,-5
10,70,-13
11,72,-24
16,66,-32
17,52,-53
15,62,-30
-6,-7,-58
17,39,-44
13,40,-59
6,31,-53
12,31,-54
14,30,-61
8,19,-55
7,25,-61
2,30,-54
4,32,-52
-2,26,-48
-1,26,-55
-2,25,-57
-4,31,-56
-10,24,-67
-6,27,-60
-7,35,-57
-1,34,-54
-6,19,-64
-1,28,-61
2,30,-63
-7,17,-47
-5,31,-49
-6,25,-53
2,35,-55
3,22,-64
1,31,-58
4,24,-68
7,25,-64
1,10,-54
15,28,-59
11,23,-54
11,21,-70
11,25,-69
4,24,-52
14,23,-49
11,29,-59
11,28,-57
7,24,-59
8,27,-64
7,33,-60
8,35,-52
5,27,-63
0,21,-65
1,31,-59
-6,22,-59
-2,22,-64
0,27,-57
2,29,-64
3,30,-60
2,30,-50
3,39,-55
4,34,-54
1,29,-61
7,23,-54
0,31,-59
5,33,-60
8,28,-63
17,27,-66
14,29,-58
14,27,-62
13,21,-52
13,26,-61
7,21,-56
13,30,-55
9,33,-62
8,27,-58
11,33,-57
11,30,-65
6,33,-51
4,27,-57
10,34,-77
8,35,-56
2,37,-59
-3,27,-56
-1,29,-61
-4,20,-64
3,34,-53
6,32,-50
5,28,-54
6,33,-58
3,26,-54
1,25,-54
5,21,-60
4,33,-67
10,31,-62
13,15,-72
15,38,-55
7,19,-57
9,14,-66
14,27,-44
13,29,-49
11,29,-63
11,19,-67
11,30,-53
12,32,-51
8,25,-58
8,26,-57
4,21,-62
7,31,-56
10,40,-57
4,30,-63
-3,24,-65
3,33,-52
-1,29,-50
-1,22,-60
-1,27,-61
0,33,-57
2,38,-56
2,35,-64
-2,33,-50
1,35,-54
4,35,-62
1,35,-53
2,28,-62
5,35,-57
11,22,-64
15,31,-52
13,27,-66
12,27,-68
13,31,-48
8,29,-60
13,30,-52
7,30,-54
9,35,-52
10,35,-60
9,36,-59
5,30,-61
4,32,-54
5,35,-57
-3,22,-71
-1,28,-63
-2,29,-55
0,32,-54
-6,16,-64
-2,23,-57
-2,29,-65
0,26,-53
-3,26,-52
-1,34,-53
-1,31,-52
4,32,-65
5,35,-50
3,31,-61
10,28,-54
10,22,-62
17,30,-56
15,22,-63
15,16,-63
9,18,-63
12,20,-55
9,22,-61
7,23,-62
7,24,-60
4,27,-61
0,23,-57
-3,21,-60
-5,28,-59
-6,25,-70
-14,18,-70
-15,34,-57
-15,32,-53
-15,35,-50
-15,43,-54
-21,40,-55
-19,49,-50
-16,39,-45
-13,55,-55
-24,16,-23
-56,-5,-22
-74,-28,3
-65,-22,7
-50,-33,2
-31,-70,3
-19,-67,-5
-11,-63,-8
-7,-57,-8
-4,-59,3
-1,-54,12
-1,-62,16
1,-44,26
0,-29,36
1,-12,43
-3,-5,60
-3,21,60
3,42,41
4,64,45
5,96,34
5,92,7
7,69,-18
9,58,-29
9,43,-40
12,33,-55
16,21,-56
18,7,-63
22,18,-67
20,10,-71
19,5,-65
25,-1,-67
20,-41,-75
22,-24,-84
-41,-36,74
17,36,4
19,69,-51
19,58,-13
12,56,-17
12,58,-25
14,60,-33
14,56,-31
16,59,-28
15,57,-27
18,55,-25
15,56,-22
11,60,-20
11,61,-29
13,66,-39
15,62,-52
24,53,-58
18,37,-47
17,48,-27
20,49,-21
17,57,-22
14,59,-17
10,62,-17
10,66,-29
14,63,-34
15,55,-47
13,44,-63
11,55,-37
21,46,-51
16,21,-81
11,29,-58
18,30,-50
15,30,-46
14,21,-56
13,18,-54
11,18,-64
6,19,-62
11,19,-62
10,22,-60
8,20,-68
10,20,-58
6,22,-63
2,19,-60
6,16,-76
4,26,-76
1,34,-59
-3,22,-54
-1,24,-54
-3,22,-63
5,34,-51
-1,33,-57
2,31,-47
-3,26,-56
4,36,-53
3,21,-57
1,27,-48
1,25,-58
14,26,-57
14,19,-57
10,19,-57
11,15,-69
15,16,-61
17,25,-52
11,23,-57
7,16,-60
8,27,-53
6,29,-50
9,27,-54
4,25,-69
5,25,-61
6,30,-54
7,33,-72
5,32,-63
-1,34,-57
-3,32,-50
1,29,-63
-7,19,-59
-3,30,-58
0,26,-53
-2,26,-54
1,25,-58
3,29,-59
2,27,-58
4,25,-66
7,32,-51
4,29,-59
9,19,-65
11,29,-58
13,20,-69
14,19,-62
13,25,-52
15,30,-60
13,23,-56
10,30,-50
12,33,-46
8,31,-53
9,31,-58
8,29,-63
7,31,-56
10,35,-50
8,28,-66
6,27,-67
1,34,-57
-1,31,-61
4,28,-59
-2,25,-63
1,25,-62
-3,19,-56
1,32,-48
3,28,-61
5,31,-62
8,29,-56
10,25,-61
4,32,-55
10,32,-53
12,30,-62
17,35,-59
9,22,-55
15,22,-66
20,27,-59
15,28,-65
11,25,-57
8,24,-53
12,32,-58
11,31,-55
11,26,-57
10,29,-57
6,25,-55
8,35,-45
8,36,-61
6,26,-71
0,30,-58
-3,29,-49
0,35,-49
-4,26,-58
-4,28,-58
-3,32,-47
0,40,-50
-2,32,-50
0,47,-54
4,42,-60
7,36,-55
2,37,-48
5,35,-54
11,31,-62
22,31,-68
10,30,-50
11,27,-53
12,12,-69
12,32,-59
15,36,-69
11,27,-61
10,31,-55
10,32,-49
12,34,-43
10,33,-61
5,27,-58
7,31,-53
5,36,-58
4,30,-62
3,36,-65
1,38,-50
-3,29,-51
-1,30,-61
4,41,-60
3,24,-48
7,42,-56
-2,26,-48
-2,27,-56
4,36,-54
5,32,-64
4,25,-57
3,35,-49
5,35,-62
5,21,-52
9,19,-54
11,23,-47
14,12,-74
15,20,-66
13,19,-57
12,22,-54
9,28,-50
7,25,-56
8,26,-66
8,28,-64
5,30,-61
-1,28,-57
-2,31,-53
-5,32,-59
-15,26,-73
-15,36,-52
-20,35,-53
-18,36,-50
-17,37,-52
-18,42,-43
-19,44,-45
-21,46,-48
-16,36,-38
-1,70,-69
-16,24,-21
-66,-15,15
-64,-21,-6
-68,-18,-7
-61,-15,2
-59,-13,-2
-43,-40,-4
-25,-75,4
-13,-60,-2
-10,-61,-5
-14,-67,-10
-10,-58,-15
-8,-58,-6
-4,-52,-3
-8,-51,0
-5,-51,22
-1,-30,38
0,-28,40
-5,-8,61
-1,22,60
3,43,34
-3,89,32
1,100,8
7,83,-6
10,72,-27
9,52,-47
-1,32,-49
6,35,-55
8,17,-65
5,17,-58
6,14,-70
14,23,-70
4,-23,-74
27,5,-126
-52,24,4
20,115,-60
20,86,-68
4,64,-20
7,68,-15
10,66,-21
5,66,-14
8,66,-15
9,64,-20
12,66,-19
11,64,-18
10,62,-15
9,63,-16
8,61,-9
6,65,-4
7,70,-9
8,76,-23
10,71,-29
14,74,-49
8,56,-16
8,53,-13
8,53,-13
6,63,-6
5,65,-6
6,66,-2
4,70,-4
5,75,-12
5,70,-28
4,62,-55
11,55,-33
17,43,-30
5,30,-63
8,33,-58
11,34,-52
12,33,-62
12,30,-58
7,17,-54
5,21,-49
7,20,-47
5,24,-49
4,35,-59
0,30,-53
-1,41,-62
-6,34,-60
-8,29,-64
-12,27,-56
-7,46,-51
-8,32,-56
1,32,-61
-3,31,-60
-3,26,-54
-1,34,-53
-3,24,-44
2,33,-53
1,23,-56
4,22,-59
3,25,-59
1,24,-61
5,23,-66
9,25,-50
8,22,-53
8,21,-64
10,15,-58
10,29,-65
10,24,-59
14,23,-55
10,26,-61
12,31,-57
8,28,-57
7,27,-59
3,27,-57
1,29,-57
-4,24,-62
-3,33,-69
-2,33,-56
-5,33,-55
-5,23,-63
-4,31,-60
-5,22,-54
-6,25,-55
-4,28,-47
-2,26,-54
0,35,-53
5,29,-54
6,40,-62
2,25,-54
4,26,-67
10,20,-75
10,25,-55
8,25,-55
6,17,-72
11,23,-63
7,21,-56
9,22,-57
9,21,-50
9,30,-58
9,32,-69
5,27,-52
4,26,-60
3,29,-60
5,34,-55
7,26,-69
3,29,-62
1,36,-52
0,36,-53
1,29,-62
-4,21,-64
-1,27,-63
-1,25,-55
-1,43,-49
1,34,-50
-2,31,-50
3,35,-57
5,30,-64
3,31,-54
2,33,-64
7,22,-67
14,30,-58
9,26,-65
7,18,-61
8,17,-58
7,20,-50
12,30,-59
11,28,-64
9,28,-60
10,29,-60
8,27,-52
7,29,-64
4,26,-60
8,34,-52
5,29,-62
1,27,-66
-2,30,-62
-1,32,-53
2,35,-50
-6,23,-62
-4,29,-60
-5,30,-57
1,27,-46
0,39,-57
2,37,-53
5,35,-60
0,29,-56
6,35,-55
6,36,-56
3,30,-67
8,28,-76
7,27,-59
11,26,-61
9,23,-54
9,26,-55
7,25,-65
8,31,-51
9,34,-53
11,39,-52
9,43,-53
7,38,-61
7,33,-52
6,37,-53
7,37,-53
4,33,-68
3,33,-65
-3,39,-56
-3,30,-51
-5,28,-58
-4,30,-60
-5,33,-53
-2,36,-53
-3,31,-52
-2,30,-49
4,39,-59
1,30,-57
1,25,-52
0,24,-53
3,29,-71
8,27,-69
16,32,-69
9,14,-71
9,12,-64
13,16,-59
10,21,-56
11,23,-51
12,29,-55
8,27,-58
8,26,-53
5,26,-57
1,27,-55
-2,22,-60
-3,32,-57
-3,34,-60
-10,20,-73
-14,25,-54
-11,32,-51
-15,33,-51
-11,36,-44
-14,44,-50
-18,50,-50
-14,43,-39
-9,48,-63
-15,32,-50
-30,29,-16
-77,-7,-9
-59,-4,-15
-66,-16,-6
-61,-19,7
-43,-47,9
-31,-72,13
-18,-66,1
-6,-64,-1
-6,-63,-9
-9,-59,-13
4,-55,-4
3,-53,-1
5,-47,14
5,-35,32
1,-26,40
2,-2,59
-1,13,56
5,32,31
3,82,30
5,96,16
11,81,-3
14,67,-27
12,51,-31
9,42,-51
9,21,-56
15,10,-52
15,9,-60
19,11,-67
21,9,-72
26,18,-78
23,-31,-97
29,-19,-117
-86,53,-104
5,47,12
17,56,-26
17,66,-10
16,65,-21
13,59,-20
15,63,-21
18,60,-37
17,63,-31
15,58,-27
18,57,-26
15,59,-22
19,59,-22
15,60,-20
16,59,-15
16,61,-19
24,72,-39
30,65,-47
23,30,-63
27,63,-9
29,42,-14
25,46,-15
25,63,-9
20,62,-6
18,61,-7
19,71,-16
20,65,-26
22,61,-44
21,52,-38
15,58,-34
23,82,-52
23,35,-52
15,34,-49
10,20,-54
11,19,-57
11,21,-67
13,18,-65
11,21,-52
12,22,-56
11,29,-55
7,26,-63
9,27,-52
10,27,-53
9,28,-61
8,27,-66
2,21,-65
-3,25,-64
-2,30,-56
-4,18,-52
-2,23,-69
6,32,-60
-1,25,-59
1,30,-52
1,29,-53
3,36,-60
3,21,-55
6,24,-60
5,23,-58
5,19,-72
10,16,-67
9,15,-67
17,20,-63
10,5,-55
9,15,-64
6,15,-62
13,21,-55
12,23,-51
9,25,-48
9,27,-57
5,16,-55
6,20,-64
10,28,-62
5,24,-67
4,20,-64
-8,19,-56
2,30,-59
5,28,-60
-3,19,-66
-2,19,-64
2,26,-55
4,33,-64
2,25,-63
2,27,-58
6,24,-58
4,31,-55
6,30,-57
8,24,-61
11,23,-69
15,19,-63
12,14,-76
14,26,-56
8,22,-48
12,25,-54
9,20,-57
10,23,-44
9,30,-53
6,25,-62
3,20,-56
4,27,-63
7,32,-71
2,25,-61
0,37,-56
-3,29,-60
-1,28,-64
2,30,-60
0,27,-52
0,26,-53
2,34,-58
4,39,-63
5,19,-63
4,28,-45
-1,25,-76
7,24,-66
15,30,-57
13,28,-61
11,19,-64
7,16,-50
9,19,-61
17,28,-56
9,28,-55
14,26,-58
10,24,-62
6,26,-54
11,35,-59
9,35,-58
4,37,-67
-1,28,-53
1,29,-55
0,19,-66
5,23,-57
5,23,-54
6,31,-55
6,30,-61
10,31,-53
6,30,-71
1,14,-49
12,24,-61
10,14,-63
17,21,-76
13,13,-73
16,16,-68
14,25,-45
12,20,-64
16,31,-59
12,24,-71
10,30,-50
8,34,-51
9,35,-46
6,33,-67
4,35,-61
-1,31,-52
2,38,-52
0,29,-60
1,27,-68
4,35,-58
1,26,-45
0,24,-59
5,36,-51
15,31,-72
2,48,-56
6,37,-58
11,19,-58
-8,10,-35
9,21,-47
12,22,-56
11,17,-51
10,21,-66
11,25,-63
9,32,-64
8,25,-60
7,29,-66
-5,18,-50
-6,29,-58
-13,28,-72
-22,21,-55
-24,32,-53
-29,27,-48
-17,30,-66
-23,36,-49
-27,37,-51
-23,51,-29
-12,43,-64
-42,-3,31
-76,-39,-39
-66,-8,-3
-65,-16,1
-48,-19,7
-34,-61,13
-22,-78,6
-10,-71,-4
-8,-66,-13
-16,-61,-5
-15,-64,8
-12,-52,-6
-12,-58,-6
-11,-55,-1
-9,-51,0
-7,-45,3
-7,-38,24
-9,-32,35
-7,2,64
-1,23,60
4,34,22
7,86,33
8,101,34
13,90,10
17,64,-22
12,49,-44
12,26,-52
19,13,-49
23,7,-57
20,7,-61
26,5,-56
23,-10,-68
21,-36,-96
17,-90,-76
50,15,-2
61,0,-60
22,74,-46
14,43,-83
2,6,-71
8,63,-23
16,73,-22
11,45,-66
16,57,-39
7,50,-35
8,56,-31
7,58,-26
7,56,-30
9,51,-51
12,50,-67
9,26,-69
11,49,-35
13,41,-36
17,44,-34
15,54,-34
10,60,-30
5,52,-40
11,56,-46
10,43,-60
9,20,-62
10,46,-51
7,35,-51
21,40,-58
8,26,-68
15,32,-56
12,20,-58
11,19,-58
9,10,-54
6,18,-49
13,25,-61
5,23,-60
-2,33,-52
3,24,-56
-6,22,-63
-2,18,-68
0,32,-69
-1,31,-52
-3,27,-58
-3,22,-74
-2,22,-61
5,25,-67
1,11,-53
-1,16,-57
6,20,-72
2,36,-55
10,28,-54
14,17,-70
10,17,-63
11,14,-64
7,11,-56
11,12,-70
8,1,-41
14,26,-57
6,27,-53
8,18,-61
9,9,-60
4,18,-55
5,30,-67
-1,22,-66
5,26,-65
-2,22,-48
-1,26,-60
-1,18,-63
-6,19,-58
-2,25,-49
3,26,-69
2,24,-63
8,23,-77
12,33,-52
8,17,-71
12,22,-70
11,46,-40
22,21,-99
10,17,-62
9,24,-69
9,7,-56
14,20,-51
11,27,-65
7,19,-59
7,17,-56
6,31,-55
6,33,-71
3,27,-58
4,29,-63
5,27,-59
2,27,-66
4,24,-60
7,25,-52
3,20,-63
4,21,-61
6,26,-60
-6,9,-64
4,29,-45
11,29,-63
8,22,-71
11,19,-65
16,29,-47
8,17,-65
21,28,-77
7,23,-47
8,22,-59
10,31,-58
10,30,-45
9,23,-57
10,24,-42
5,29,-57
7,32,-76
-5,20,-56
-3,34,-55
2,31,-54
-3,17,-61
0,16,-56
-7,21,-46
3,28,-65
-1,23,-48
4,23,-48
0,29,-72
2,38,-53
5,35,-70
24,50,-125
11,37,-59
11,26,-67
15,36,-56
13,37,-58
12,26,-53
19,38,-51
13,39,-60
13,39,-48
10,38,-46
9,38,-46
7,35,-62
-1,26,-63
3,35,-67
4,36,-44
3,37,-54
-1,28,-61
5,32,-48
3,35,-49
5,39,-58
-1,29,-46
3,35,-58
-1,31,-42
3,33,-58
13,47,-58
10,31,-58
13,45,-36
18,48,-54
14,34,-61
6,30,-51
15,36,-51
17,40,-51
14,56,-52
15,56,-39
9,44,-46
8,50,-37
6,43,-52
13,51,-58
3,43,-46
3,43,-52
3,40,-53
3,32,-59
6,34,-54
10,32,-43
8,27,-49
17,35,-57
12,32,-65
10,38,-43
10,29,-63
7,24,-56
18,42,-65
19,43,-52
16,35,-53
19,34,-44
20,21,-38
46,13,-32
76,-4,-32
72,-16,-8
67,-37,-11
46,-51,-8
27,-53,-4
12,-60,-12
0,-61,-19
1,-62,-11
-3,-57,-9
-5,-50,7
-6,-45,12
-11,-38,24
-7,-20,47
-6,11,60
0,30,45
11,92,31
9,110,15
10,89,4
19,65,-39
18,50,-48
16,35,-58
22,23,-44
25,21,-55
19,15,-59
20,11,-63
17,-4,-55
30,-58,-104
-72,-25,-39
79,46,-1
29,6,-43
36,55,-49
7,51,-29
16,49,-56
28,54,-63
13,48,-42
16,50,-37
15,50,-40
14,49,-37
10,50,-34
12,56,-41
16,57,-48
12,45,-66
20,15,-73
24,46,-28
30,42,-32
22,39,-32
19,52,-35
18,59,-37
12,53,-37
18,56,-47
16,45,-60
17,25,-79
13,40,-36
22,32,-45
17,23,-40
15,37,-46
12,22,-60
14,27,-59
14,18,-75
17,24,-51
8,24,-58
11,27,-44
7,19,-43
8,21,-54
4,11,-62
8,30,-62
3,29,-58
-1,25,-56
-1,24,-64
3,30,-58
1,23,-61
4,29,-53
1,27,-52
1,22,-52
7,31,-64
15,25,-61
17,35,-60
2,16,-64
17,11,-64
23,27,-79
27,12,-77
22,11,-58
6,3,-66
10,9,-50
14,14,-61
13,17,-69
6,17,-46
14,20,-48
3,26,-66
3,13,-80
5,19,-75
-3,30,-63
0,33,-64
2,24,-63
-2,14,-58
-2,20,-50
3,23,-65
4,27,-59
5,21,-64
4,-3,-48
9,15,-64
8,17,-69
13,22,-74
16,35,-93
12,1,-73
9,0,-64
11,7,-63
15,15,-40
13,26,-60
4,27,-55
7,17,-64
10,32,-68
12,30,-63
1,32,-74
-14,19,-56
-9,19,-68
1,25,-61
5,21,-78
-3,19,-51
3,35,-63
0,23,-46
10,30,-53
24,42,-65
0,30,-76
3,15,-58
12,15,-60
10,19,-27
7,8,-70
10,15,-52
11,22,-81
11,21,-56
15,26,-60
5,27,-54
11,28,-60
5,15,-53
2,22,-68
-6,9,-60
-3,31,-54
0,30,-55
-2,27,-63
-2,25,-67
13,33,-58
0,24,-65
0,29,-52
1,24,-69
5,32,-67
-5,12,-31
12,32,-58
7,22,-65
20,37,-75
20,36,-81
12,16,-59
13,18,-62
5,14,-55
9,26,-52
9,22,-55
11,38,-55
9,32,-65
5,18,-55
5,30,-45
6,31,-67
1,24,-59
-11,29,-50
-4,23,-57
-4,20,-65
-4,22,-64
5,33,-55
7,33,-58
-2,18,-54
10,24,-60
3,6,-30
2,33,-63
7,23,-63
12,22,-64
11,28,-63
12,23,-56
10,16,-58
11,19,-70
8,6,-44
8,22,-55
7,30,-56
8,23,-58
2,23,-49
7,33,-74
4,29,-54
-1,26,-61
-6,23,-58
-1,27,-55
0,22,-66
-4,19,-60
-1,28,-52
3,28,-59
3,20,-54
13,33,-56
6,36,-66
18,25,-48
28,30,-66
26,19,-68
20,12,-49
21,13,-54
27,25,-47
18,18,-49
19,18,-41
28,25,-44
38,18,-42
48,0,-34
64,-6,-31
62,-27,-11
64,-25,-22
59,-51,-11
43,-62,-5
20,-59,-13
6,-58,-1
4,-56,-11
-1,-53,-2
-6,-64,4
-1,-48,-10
-8,-53,-9
-10,-55,-1
-10,-51,3
-7,-48,8
-11,-45,35
-13,-22,50
-11,4,59
0,27,39
12,78,33
7,102,28
11,95,15
16,72,-21
15,58,-37
12,34,-44
12,22,-55
17,9,-53
17,-1,-62
16,3,-60
16,-1,-64
17,-1,-63
21,-25,-106
28,-24,-121
-72,-23,38
67,52,-75
12,54,-37
25,72,-25
25,59,-25
24,60,-31
19,53,-19
20,58,-25
17,56,-15
15,56,-20
16,59,-15
10,62,-24
14,69,-48
18,62,-47
20,45,-71
28,61,-9
17,46,-22
10,47,-18
14,60,-18
15,68,-18
12,62,-34
16,57,-41
10,48,-60
11,27,-77
16,42,-43
16,34,-47
9,25,-51
9,30,-53
16,33,-52
12,18,-63
17,11,-61
11,20,-54
3,16,-61
10,20,-56
9,17,-58
4,24,-55
1,27,-64
-1,27,-50
-2,28,-67
-6,26,-65
-3,33,-58
-1,31,-60
-4,23,-61
-2,29,-60
-4,21,-52
3,31,-54
4,27,-64
6,24,-63
2,21,-53
-4,19,-67
11,19,-67
16,23,-69
19,24,-66
10,10,-75
18,17,-68
1,11,-53
6,19,-47
9,30,-68
4,21,-51
10,24,-52
6,17,-57
4,26,-56
2,25,-58
6,30,-76
-3,22,-58
-3,29,-62
1,19,-61
-10,10,-69
-2,21,-55
2,27,-60
-3,20,-57
1,26,-55
1,12,-62
-2,25,-56
5,20,-78
10,20,-79
7,27,-83
12,9,-78
6,7,-71
6,21,-68
15,21,-65
13,26,-56
9,29,-53
5,12,-48
4,26,-69
16,46,-55
0,20,-60
2,27,-65
-1,19,-53
2,19,-69
3,21,-58
3,21,-58
6,27,-46
0,28,-58
0,21,-63
5,32,-71
2,29,-57
2,17,-68
14,11,-78
10,18,-50
8,1,-67
16,30,-65
15,22,-59
7,13,-64
14,23,-74
13,19,-60
8,20,-57
4,29,-47
6,25,-66
6,31,-74
-6,26,-62
-4,34,-68
-2,25,-57
5,22,-59
3,32,-62
5,36,-57
3,39,-58
3,25,-51
2,10,-49
0,31,-56
9,31,-58
9,21,-61
4,22,-54
12,20,-54
9,21,-49
12,22,-63
8,25,-54
11,24,-59
10,26,-52
7,28,-57
10,28,-51
3,30,-52
6,25,-61
-2,21,-51
-4,27,-61
-7,22,-57
2,22,-65
1,24,-65
5,27,-55
3,26,-62
7,33,-61
8,20,-57
8,45,-56
7,37,-65
8,21,-71
2,7,-56
12,32,-45
11,21,-50
9,32,-64
14,23,-68
12,26,-60
9,31,-53
7,25,-62
6,24,-65
3,27,-59
4,29,-60
2,21,-64
1,33,-64
-6,24,-49
-3,26,-56
-7,20,-62
-9,13,-54
-4,17,-51
-1,32,-56
-4,23,-66
-3,24,-60
1,18,-63
3,26,-66
2,26,-64
10,15,-68
15,14,-81
19,15,-60
15,12,-69
12,15,-61
14,16,-43
23,24,-59
29,32,-47
30,21,-39
29,24,-50
33,19,-38
48,6,-34
63,-4,-13
57,-6,-6
72,-17,-10
67,-35,7
65,-29,8
52,-42,9
40,-51,17
24,-55,3
12,-58,5
7,-64,-4
12,-55,-1
4,-59,-5
2,-59,-5
-2,-63,-5
-3,-56,-2
-7,-54,-3
-8,-53,-1
-5,-49,16
-5,-39,32
-3,-25,48
-6,-16,61
-4,11,56
4,27,27
1,80,33
-1,94,13
4,79,-10
15,67,-22
18,54,-33
14,38,-39
19,35,-54
22,16,-54
23,-1,-61
25,7,-66
26,15,-58
26,-2,-65
27,-1,-63
24,-9,-77
27,-36,-112
-36,16,-83
8,58,-4
23,66,-24
18,59,-15
24,64,-22
21,60,-9
22,54,-2
22,59,-6
23,58,2
25,62,5
20,65,6
21,70,-12
23,72,-30
22,54,-57
11,42,-47
12,31,-62
36,66,-69
20,10,-46
12,7,-62
7,8,-71
12,6,-60
11,-3,-60
12,-5,-62
10,5,-48
11,2,-55
10,13,-53
7,8,-55
10,15,-55
12,18,-56
6,19,-63
7,17,-57
0,23,-66
-4,24,-72
-4,25,-60
3,28,-54
2,31,-64
1,30,-72
-1,27,-55
5,38,-63
-3,20,-63
-1,19,-52
7,28,-62
3,28,-56
5,22,-63
10,16,-73
2,26,-50
17,21,-62
14,15,-73
11,13,-56
10,17,-57
8,14,-61
13,25,-49
9,22,-62
12,25,-52
8,29,-58
6,17,-63
6,25,-55
5,28,-64
3,26,-68
-2,20,-69
-1,27,-57
-3,26,-56
0,27,-64
0,29,-68
0,28,-59
0,25,-52
2,33,-60
-1,26,-53
-1,26,-49
0,25,-61
0,25,-48
3,23,-61
6,20,-67
12,21,-69
8,11,-62
12,20,-60
13,15,-58
15,20,-58
7,19,-65
13,21,-48
5,20,-61
9,28,-56
8,27,-59
6,28,-57
2,14,-68
5,35,-56
-1,39,-57
-3,25,-70
-2,29,-59
-4,33,-53
-6,27,-54
-2,31,-61
-3,26,-57
-1,35,-70
-1,34,-49
2,42,-57
-4,26,-54
2,36,-53
5,30,-53
3,30,-63
1,21,-61
7,21,-58
6,15,-61
9,21,-66
11,16,-54
14,23,-60
14,19,-61
12,22,-71
10,20,-57
12,21,-62
10,27,-63
9,31,-45
10,31,-60
10,32,-56
5,29,-56
5,28,-53
8,33,-57
9,33,-65
4,35,-57
-1,24,-50
-1,33,-55
0,33,-55
2,39,-54
1,41,-50
9,43,-42
1,41,-60
3,39,-47
11,37,-59
14,26,-69
8,26,-56
8,23,-60
10,21,-70
16,22,-94
16,16,-69
22,21,-58
19,19,-62
19,22,-53
16,25,-58
12,20,-47
15,23,-65
11,26,-56
6,25,-52
3,23,-63
1,20,-65
-7,31,-54
-10,17,-68
-13,11,-72
-7,12,-61
-6,7,-60
-4,11,-64
-1,16,-60
2,10,-66
0,17,-67
6,30,-54
4,35,-49
2,39,-54
2,36,-49
1,26,-49
6,42,-45
7,38,-51
8,32,-66
9,26,-79
13,26,-60
11,31,-53
14,37,-52
8,30,-50
7,33,-52
10,37,-43
8,36,-53
10,40,-44
6,37,-46
9,39,-51
4,28,-54
8,40,-55
0,34,-53
-4,33,-61
2,36,-63
-3,36,-48
-2,38,-51
-4,34,-57
-2,34,-52
-1,42,-56
1,34,-45
4,40,-46
2,44,-53
4,46,-56
4,34,-62
5,44,-61
4,39,-61
6,28,-62
5,26,-61
14,34,-66
14,27,-66
9,21,-64
6,23,-57
7,27,-58
13,27,-46
9,29,-53
9,29,-52
5,28,-55
7,29,-60
4,26,-57
-1,29,-52
3,32,-68
-5,24,-67
-13,27,-53
-9,32,-52
-4,35,-55
-6,32,-55
-3,37,-56
-3,36,-53
-2,35,-42
0,42,-50
-4,36,-51
7,35,-55
5,31,-60
7,29,-55
12,33,-60
14,31,-68
17,20,-57
19,20,-52
25,21,-53
23,24,-54
22,26,-45
25,36,-45
27,35,-48
29,35,-45
30,34,-28
38,11,-33
62,4,-26
65,1,-15
61,-16,-8
63,-30,-8
60,-39,-6
56,-50,-1
41,-59,5
24,-56,-1
4,-62,-7
-8,-52,-10
-14,-51,-4
-16,-57,-4
-15,-57,-9
-16,-58,-1
-15,-55,6
-13,-48,17
-13,-41,30
-10,-28,49
-10,-12,48
-5,3,46
-4,13,49
-1,36,53
10,92,44
8,98,25
11,81,7
16,64,-19
16,57,-37
12,49,-41
6,28,-54
13,19,-59
14,6,-60
16,3,-64
16,20,-63
17,21,-66
22,17,-72
15,23,-67
10,-7,-95
23,-5,-115
54,0,73
6,67,-2
28,76,-24
8,59,-8
13,66,-18
15,69,-22
18,63,-25
18,64,-22
18,64,-20
16,60,-13
15,62,-14
11,61,-11
10,63,-5
11,63,-9
12,67,-17
18,72,-27
22,66,-38
23,47,-57
7,51,-18
10,53,-11
11,60,-8
10,63,-3
10,66,-2
9,70,-6
10,73,-17
8,69,-31
2,61,-45
-1,16,-14
25,53,-34
9,41,-22
16,51,-50
13,49,-44
10,36,-50
11,32,-60
12,42,-55
5,34,-40
5,35,-50
6,38,-50
1,35,-50
-2,35,-57
-4,35,-62
-7,30,-56
-7,32,-54
-3,28,-61
-5,23,-63
-4,22,-60
-1,26,-59
-3,20,-48
-2,19,-52
0,23,-64
-1,21,-59
4,30,-68
5,24,-56
-1,24,-68
5,28,-70
6,16,-57
6,16,-66
11,20,-73
11,26,-57
6,25,-55
10,25,-64
12,30,-51
4,24,-51
7,27,-55
5,31,-59
-7,18,-67
-3,24,-58
0,37,-63
-4,36,-59
-6,33,-55
-7,39,-51
-5,43,-43
-6,43,-52
-2,44,-56
-4,42,-52
0,42,-47
0,46,-39
0,43,-50
-4,42,-45
1,46,-45
2,47,-49
5,50,-43
5,49,-50
5,38,-55
10,37,-56
7,41,-55
11,37,-54
11,44,-56
15,43,-52
8,36,-52
12,40,-57
9,42,-53
10,42,-52
3,36,-50
4,36,-50
