37,40,34
37,41,35
26,36,45
35,45,36
44,27,35
39,38,33
39,39,33
37,42,34
38,43,31
37,44,31
-47,15,-30
-43,19,-44
-53,16,-29
-51,15,-32
-55,12,-31
-54,15,-32
-51,22,-35
-56,13,-35
-54,18,-37
-40,15,-33
-46,16,-40
-40,22,-41
-37,29,-39
-40,24,-34
-31,32,-49
-51,4,-41
-54,12,-34
-46,24,-29
-51,9,-41
-43,-13,-56
-53,1,-32
-48,-7,-47
-53,-6,-37
-47,-4,-47
-42,7,-36
-30,6,-46
-48,7,-49
-27,28,-53
-39,-22,-54
-55,42,-33
-12,47,-20
-60,15,4
-77,-32,21
-64,-42,2
-60,-12,3
-63,-18,-4
-63,-21,0
-63,-16,-3
-54,-28,-12
-68,-17,-19
-21,40,-37
16,4,-62
10,34,-41
38,24,-49
0,0,-66
-22,22,-49
-18,24,-70
-15,48,-19
-15,21,-37
7,19,-60
12,37,-51
15,44,-49
28,36,-48
31,33,-64
25,30,-59
25,36,-48
26,31,-42
31,37,-44
26,28,-35
37,33,-41
35,26,-39
35,29,-38
43,31,-45
43,23,-46
42,24,-50
35,33,-45
26,44,-48
22,19,-64
25,24,-53
20,29,-61
-2,24,-21
12,13,-70
10,8,-71
26,11,-56
28,15,-65
14,50,-67
-3,33,-37
-21,27,-30
25,54,-24
1,49,-48
8,65,-58
-6,35,-38
13,62,-47
5,43,-33
14,51,-26
13,46,-38
26,42,-21
25,56,-36
13,47,-37
9,65,-29
8,56,-34
-3,64,-31
1,57,-33
2,55,-29
1,59,-25
5,49,-35
3,59,-30
10,54,-39
2,44,-43
4,52,-32
-3,46,-37
0,54,-41
1,48,-31
1,59,-28
4,63,-29
5,50,-25
4,58,-20
8,62,-18
6,64,-14
17,60,-19
16,63,-6
19,59,-8
23,56,-5
24,57,-11
18,62,-10
19,60,-6
22,61,-10
19,59,-10
15,51,-11
18,60,-16
18,60,-13
17,59,-14
18,59,-15
20,59,-19
17,62,-12
18,58,-17
17,60,-20
16,59,-22
15,57,-27
15,57,-24
18,57,-26
16,58,-28
20,53,-29
17,59,-29
21,54,-25
13,63,-30
15,58,-29
14,43,-16
18,58,-19
17,54,-24
16,56,-31
14,56,-35
13,53,-33
9,58,-44
8,50,-41
11,52,-32
12,47,-35
13,51,-41
10,54,-38
9,57,-40
14,37,-42
14,53,-37
16,56,-32
11,52,-19
7,48,-22
5,58,-21
-8,74,-8
-7,62,-7
-8,62,0
4,55,1
8,61,4
10,65,0
10,63,6
11,58,16
11,58,20
12,56,28
12,56,27
11,57,29
9,56,31
11,53,39
17,49,36
20,51,39
19,48,40
19,49,37
18,46,39
15,43,44
17,41,46
19,43,43
21,39,42
18,43,45
17,43,43
17,49,40
16,53,38
14,56,33
9,64,23
10,58,26
5,57,26
1,61,20
0,64,-1
-5,62,-18
-9,66,-27
-7,57,-30
-2,52,-36
-5,51,-37
-9,51,-39
-9,51,-38
-7,53,-39
-9,47,-33
-13,53,-39
-20,47,-34
-23,48,-37
-23,42,-38
-22,27,-44
-17,43,-43
-15,43,-43
-15,46,-42
-15,45,-44
-15,52,-40
-15,56,-40
-17,53,-40
-15,52,-32
-16,50,-34
-18,52,-32
-18,57,-34
-13,53,-39
-12,52,-35
-3,46,-52
-18,47,-29
-18,40,-41
-21,55,-34
-22,54,-31
-20,45,-39
-21,44,-38
-14,51,-41
-12,61,-40
-12,49,-38
-12,51,-40
-12,54,-39
-14,59,-32
-16,62,-26
-20,60,-9
-17,60,9
-12,66,23
-3,54,23
0,56,26
4,55,31
6,54,32
8,59,30
5,56,31
1,57,30
1,58,26
4,60,25
5,56,27
2,59,25
2,62,21
2,62,19
0,62,15
-2,63,17
-1,64,15
-1,64,14
-2,63,14
-2,62,16
-5,62,15
-8,58,12
-13,68,1
-16,68,9
-22,61,20
-20,56,21
-22,56,24
-25,56,23
-36,55,27
-23,68,22
-15,58,36
-14,53,42
-16,58,38
-10,51,37
-10,50,39
-8,47,41
-10,44,41
-4,39,35
-5,39,32
-6,43,27
-7,43,21
-14,59,7
-13,63,-5
-14,62,-24
-11,52,-31
-11,53,-39
-13,51,-37
-11,37,-40
-15,37,-49
-11,28,-60
-12,54,-56
-19,95,-60
-38,80,-5
3,17,-95
29,36,-51
-10,22,-59
-16,25,-54
-18,26,-47
-4,46,-58
-13,37,-48
-13,36,-46
-19,36,-41
-12,44,-50
-14,42,-48
-13,39,-47
-15,45,-44
-15,49,-44
-16,46,-40
-19,41,-35
-19,31,-34
-12,52,-27
-16,77,-28
-20,37,-40
-6,59,-45
-10,60,-18
-6,66,-24
-10,68,-28
-9,68,-9
-14,66,-4
-15,74,0
-10,95,-21
-26,73,40
-12,27,-21
2,55,-55
-8,25,-27
-7,40,-46
3,49,-43
-5,32,-28
-2,29,-34
0,31,-48
-5,74,-44
-3,65,-41
4,52,-48
4,75,-37
-1,61,-21
3,69,-28
7,75,-26
3,56,-13
-8,79,-19
-28,87,-7
-28,67,13
-15,97,40
-15,40,-17
-10,39,-9
-14,39,-16
-6,54,-37
14,43,-26
8,40,-46
2,31,-46
4,38,-69
-5,73,-46
-16,31,-58
3,44,-62
2,62,-39
0,55,-20
6,81,-21
10,72,-22
2,51,-7
-24,85,3
-38,87,-3
-11,115,7
-10,-24,-14
-9,5,9
-11,48,-16
-9,39,-6
-12,36,-25
-14,46,-33
0,47,-49
4,30,-75
1,40,-68
13,83,-40
2,59,-68
-6,43,-41
8,48,-52
2,59,-42
0,64,-32
-5,64,-22
-10,67,-20
-28,71,-28
-25,68,-35
-11,104,-41
-10,0,-11
-9,29,-51
-5,30,-44
-3,22,-49
-3,34,-54
-2,39,-49
2,29,-58
0,12,-48
-3,58,-48
-3,84,-41
3,34,-44
7,63,-35
6,74,-29
-7,59,-7
-2,67,-12
-5,54,-10
-10,61,-11
-3,98,0
-28,81,17
-22,65,28
-11,6,13
-8,20,6
-7,40,-2
-5,41,-16
1,55,-49
8,57,-69
0,34,-39
8,39,-71
4,61,-53
6,65,-80
11,40,-47
-11,52,-18
11,59,-36
5,48,-19
7,65,-19
7,67,-12
-5,74,4
-35,81,11
-19,66,10
-13,72,41
-10,36,-7
-8,42,7
-7,52,-11
-6,35,-2
10,39,-40
0,41,-38
6,16,-56
2,30,-54
4,82,-45
12,40,-87
5,52,-53
8,72,-47
1,45,-31
6,58,-17
13,75,-22
14,66,-16
-7,71,6
-13,74,10
-17,82,17
-25,73,46
-14,33,21
-8,48,-2
-4,38,4
-11,47,-14
7,59,-42
5,44,-45
1,36,-44
8,48,-59
0,56,-55
6,38,-65
-1,57,-43
2,68,-36
-8,69,-26
-16,57,-12
-15,66,-23
-15,67,-8
-18,64,-6
-17,57,5
-19,57,12
-25,51,19
-24,65,18
-21,48,26
-19,56,18
-14,56,31
-5,49,31
-2,57,30
-2,53,34
-4,56,38
-1,66,26
2,55,38
6,55,36
5,57,33
0,54,38
0,54,42
-3,50,39
0,52,40
-3,54,42
-11,49,33
-14,52,31
-17,54,33
-17,52,27
-24,55,31
-21,54,32
-21,48,36
-21,47,40
-21,46,40
-17,43,41
-21,45,41
-16,44,39
-18,43,34
-20,47,36
-19,53,38
-16,53,36
-18,56,39
-17,50,36
-13,52,34
-14,50,39
-14,51,39
-11,50,33
-11,51,41
-13,59,41
-9,53,37
-5,50,42
-7,45,39
-9,48,38
-11,49,38
-13,54,39
-14,55,40
-14,50,39
-13,50,37
-12,51,38
-10,48,41
-10,49,42
-9,48,39
-9,48,39
-10,52,38
-9,54,34
-11,55,32
-13,56,32
-14,55,30
-12,55,29
-13,55,29
-13,57,29
-11,58,28
-12,56,37
-13,59,30
-11,58,33
-10,54,33
-9,51,37
-10,50,38
-10,54,39
-10,48,36
-8,51,38
-9,55,32
-14,62,29
-15,55,33
-13,53,35
-11,50,39
-8,51,38
-9,54,34
-9,57,34
-8,56,35
-3,57,36
-1,53,34
-2,57,31
0,58,30
0,54,27
-3,62,19
-9,60,11
-13,58,3
-11,71,-7
-8,66,-8
-4,65,-6
-4,64,-7
-5,66,-8
-5,61,-3
-6,62,0
-9,71,-9
-9,66,4
-7,66,5
-5,58,13
-5,59,20
-7,62,24
-7,57,31
-13,57,35
-8,59,27
-6,55,33
-6,52,39
-8,52,39
-8,48,38
-11,49,38
-8,52,40
-10,49,37
-9,51,38
-5,50,38
-7,52,36
-9,53,37
-9,54,38
-9,52,36
-12,52,36
-12,52,36
-13,53,36
-15,54,39
-15,54,38
-10,51,36
-9,50,37
-9,51,39
-13,53,38
-13,52,37
-10,54,38
-15,53,41
-12,50,36
-14,49,38
-15,55,41
-11,51,39
-13,47,41
-8,49,40
-8,47,42
-12,51,39
-12,51,41
-11,52,40
-14,53,37
-13,51,37
-13,52,36
-16,53,36
-12,53,36
-14,51,37
-10,51,37
-8,51,36
-12,52,39
-13,53,36
-13,50,38
-12,53,37
-12,53,38
-13,52,33
-11,54,34
-8,54,38
-9,52,38
-7,48,39
-5,51,38
-8,48,39
-8,51,40
-7,50,37
-8,48,40
-9,47,44
-9,50,42
-9,51,39
-12,50,38
-10,52,37
-11,50,38
-14,52,36
-10,54,35
-8,57,35
-7,61,36
-11,55,30
-11,52,29
-17,53,30
-20,55,30
-20,54,30
-21,57,25
-27,60,18
-20,61,15
-14,57,32
-6,54,23
-11,57,31
-13,50,29
-9,54,17
-9,55,13
-10,62,-1
-6,59,-9
-10,52,-27
-4,54,-31
-3,49,-37
-5,47,-32
0,39,-57
-2,38,-47
-1,34,-54
-11,37,-23
-15,94,-59
-26,121,-22
32,-2,-98
-18,23,-36
-20,26,-50
-13,19,-65
0,46,-43
-15,43,-41
-5,32,-64
-17,39,-43
-15,40,-52
-9,41,-57
-13,43,-53
-14,47,-50
-16,48,-47
-16,47,-43
-16,43,-45
-14,31,-42
-17,45,-27
-18,63,-32
-16,52,-63
-17,48,-54
-20,46,-50
-16,47,-50
-17,38,-48
-18,46,-46
-18,35,-46
-18,47,-37
-9,78,-19
-1,55,-44
3,64,-39
0,52,-27
-7,62,-23
-5,72,-21
-6,72,-14
-14,73,0
-18,59,-9
-12,42,-14
-16,60,10
8,30,-38
-2,47,-52
-1,44,-56
-4,27,-62
-5,37,-39
1,35,-42
-4,32,-48
-1,21,-60
5,81,-43
6,45,-74
9,39,-47
3,82,-39
1,62,-29
-2,56,-17
7,77,-24
3,80,-2
-11,69,-5
-25,81,15
-14,77,18
-21,7,10
0,19,11
-5,36,0
-1,59,-15
-1,30,-29
-17,34,-20
5,42,-57
-1,19,-83
-6,36,-62
9,86,-55
0,51,-46
1,44,-51
3,52,-32
0,54,-25
4,55,-21
13,70,-16
9,56,-4
-19,94,-4
-26,82,-10
-22,94,24
-13,-25,-17
-8,16,-17
-5,44,-19
-6,34,-13
-5,38,-37
-21,50,-26
2,42,-54
2,25,-46
2,42,-70
6,80,-23
5,44,-65
3,44,-44
7,59,-42
-3,47,-25
4,59,-25
0,69,-20
3,68,-23
-11,67,-22
-5,68,-37
-6,85,-16
-11,-6,-52
-4,20,-70
-3,20,-35
-3,30,-60
-5,29,-47
-1,34,-58
1,31,-56
1,12,-39
-2,47,-46
-3,87,-19
5,50,-40
4,63,-51
6,68,-43
2,64,-25
-1,65,-18
4,77,-25
-4,55,-7
-4,97,-15
-29,70,-9
-23,103,41
-3,15,-25
-8,24,-12
-13,24,0
-10,33,-20
7,58,-33
-2,42,-48
4,32,-51
1,27,-77
-1,40,-55
6,90,-47
18,52,-61
7,65,-36
5,65,-25
6,68,-26
5,61,-26
7,69,-10
7,64,-11
-7,80,17
-19,96,4
-26,73,63
-17,22,-1
-10,16,0
2,37,0
-15,44,-2
-11,39,-26
5,35,-52
15,52,-57
12,36,-63
-2,29,-61
3,56,-51
-12,39,-41
-2,19,-73
3,42,-47
-13,41,-27
-3,33,-59
-1,52,-53
-5,46,-45
-6,51,-39
-3,59,-39
-2,52,-28
3,51,-36
0,66,-22
-7,62,-16
-7,60,-15
-6,67,-13
-6,69,-5
-7,65,-1
-12,67,5
-15,58,4
-13,59,16
3,99,-6
-37,-28,52
-17,51,40
-19,43,41
-13,40,31
-16,47,34
-18,48,37
-18,49,34
-20,49,37
-22,48,39
-19,50,37
-15,49,40
-15,47,42
-16,48,45
-12,48,40
-14,48,46
-11,48,42
-6,47,40
-7,44,41
-9,46,45
-8,48,46
-8,48,50
-13,37,43
-5,41,47
-5,40,47
-3,42,47
-2,42,47
0,45,45
1,45,43
2,49,43
4,52,47
-1,50,39
5,45,40
3,46,41
0,50,41
3,55,36
2,54,40
-1,51,36
5,55,32
8,51,34
8,52,35
6,52,38
4,51,36
2,56,36
6,55,38
1,59,32
-2,59,32
0,61,33
-3,56,32
-3,53,36
1,52,39
-2,48,43
-7,47,42
-5,46,47
0,46,43
1,44,41
-1,48,41
-2,47,43
0,45,44
-1,43,49
1,43,49
0,45,49
-1,47,45
-2,49,44
-2,51,40
-4,51,40
-1,52,38
-2,51,39
-2,50,39
-3,50,40
-5,49,40
-8,50,41
-9,49,40
-11,49,43
-10,50,40
-12,53,38
-12,52,36
-14,51,37
-14,52,37
-15,51,36
-15,53,36
-15,53,35
-16,52,35
-15,52,36
-13,53,35
-14,54,34
-16,54,33
-15,54,35
-16,54,35
-15,53,35
-16,52,36
-15,53,35
-16,52,36
-14,51,37
-13,50,34
-16,51,35
-17,52,36
-15,50,37
-15,50,37
-15,49,38
-15,48,39
-14,52,38
-14,51,37
-14,52,37
-14,52,37
-14,51,38
-14,51,38
-15,53,37
-15,54,37
-16,52,36
-17,51,37
-17,52,37
-15,51,37
-13,49,38
-14,49,38
-15,49,38
-15,49,36
-16,50,39
-15,49,39
-15,49,40
-12,50,39
-12,49,40
-11,50,40
-12,52,39
-10,52,38
-9,53,37
-9,54,38
-10,54,40
-8,53,39
-5,51,39
-5,50,41
-2,49,43
2,52,41
3,52,34
-2,58,32
-3,57,31
-1,57,29
-4,56,29
-2,57,33
-1,52,35
-7,46,44
-15,48,48
-23,55,44
-18,65,24
-14,59,33
-11,55,34
-6,55,28
-5,55,27
-9,54,24
-9,49,19
-6,47,23
-10,52,16
-12,60,3
-13,63,-10
-15,55,-6
-19,60,8
-8,51,-25
-9,38,-37
-9,30,-35
-15,56,-51
-22,95,-78
-21,123,-29
65,54,-89
-12,32,-44
-18,16,-47
-10,32,-78
-18,31,-44
-9,49,-49
-9,43,-54
-10,42,-49
-13,44,-51
-17,42,-43
-15,47,-51
-14,49,-49
-16,45,-45
-18,39,-36
-16,32,-35
-17,46,-30
-26,59,-26
-20,41,-66
-23,45,-54
-21,43,-48
-21,38,-48
-23,37,-42
-22,37,-46
-26,21,-37
-19,42,-37
-15,68,-19
-17,35,-65
-23,50,-59
-20,40,-52
-19,41,-49
-19,42,-48
-11,52,-76
-25,22,-38
-19,32,-25
-4,67,-19
-8,42,-23
0,63,-43
2,61,-27
2,67,-28
-4,68,-28
-7,65,-7
-7,67,-4
-14,83,10
-28,85,13
-18,66,52
2,16,-28
-2,21,3
9,46,-8
-5,38,1
7,54,-34
3,63,-41
12,43,-71
4,33,-75
2,54,-59
-10,65,-46
2,41,-65
9,74,-45
3,59,-26
3,58,-26
11,71,-29
10,62,-9
-6,59,10
-24,96,-4
-12,73,-15
-22,69,69
-11,24,7
-2,47,-16
-8,48,-16
-19,53,-35
2,56,-38
10,37,-53
4,31,-47
10,33,-61
6,70,-58
-14,39,-69
6,39,-62
10,59,-52
2,59,-24
5,65,-38
9,68,-28
0,57,-26
-8,80,-20
-36,68,-11
-7,62,-50
3,70,-12
-19,27,-25
-3,31,-52
-3,34,-48
3,32,-67
2,32,-47
7,42,-45
4,14,-57
3,44,-74
-2,74,-33
7,53,-64
10,61,-41
0,47,-19
6,54,-18
10,71,-23
16,75,-23
0,54,3
-6,60,23
-19,78,9
-27,53,26
-6,68,70
-3,43,-23
-1,42,5
-15,38,-9
-1,29,-23
-2,48,-38
0,45,-44
-3,23,-48
10,38,-77
2,71,-41
12,24,-80
12,41,-68
8,65,-32
1,57,-10
7,67,-15
11,72,-8
6,57,-1
-5,77,6
-18,81,10
-21,79,1
-13,79,41
-6,23,7
-12,30,8
-15,46,-8
-7,43,-8
9,57,-36
6,31,-43
6,39,-55
5,35,-67
6,80,-50
4,34,-69
4,58,-45
11,78,-50
13,64,-42
12,59,-35
6,60,-23
8,61,-14
-2,60,-10
-14,79,-2
-22,69,2
-24,80,38
1,20,-30
-11,9,0
-5,45,-14
-1,51,-21
-7,62,-32
-8,50,-42
2,35,-56
0,21,-49
6,55,-60
4,62,-24
18,28,-92
20,45,-57
12,53,-50
11,52,-45
10,51,-35
9,62,-34
9,66,-28
6,62,-24
6,66,-14
5,67,-10
5,67,-10
3,59,-9
2,65,5
2,54,12
5,79,3
6,54,11
-5,54,41
2,49,28
0,57,31
-5,50,34
-5,46,39
-2,48,41
1,47,36
1,51,39
3,51,37
1,54,40
4,54,39
0,51,37
-6,55,39
-3,44,38
-18,46,47
-20,45,43
-20,43,44
-19,45,40
-16,47,42
-16,41,42
-15,44,39
-19,47,43
-20,44,44
-21,47,41
-21,46,44
-21,46,43
-19,49,38
-17,50,38
-18,53,38
-17,51,39
-19,50,41
-15,49,39
-12,51,37
-12,52,37
-7,54,34
-6,53,37
-5,56,38
-5,51,36
-9,54,42
-13,46,40
-14,46,42
-13,49,40
-11,49,37
-12,51,37
-9,52,34
-7,54,34
-6,54,33
-6,54,36
-6,55,34
-4,54,35
-5,52,39
-6,53,38
-8,52,38
-9,54,36
-10,55,32
-10,56,36
-7,56,37
-6,55,35
-8,52,34
-8,49,37
-5,51,37
-3,53,34
-2,54,32
-1,52,32
-7,54,34
-5,56,31
-3,52,34
-2,52,34
-2,54,35
0,56,35
3,57,35
4,57,28
5,58,24
4,58,22
0,55,16
-2,65,9
-1,63,9
-3,65,1
-3,68,-3
2,69,-6
3,67,-5
2,66,-4
4,68,3
4,64,-8
3,66,-8
1,69,-3
2,64,12
1,58,28
1,53,35
2,54,37
2,51,39
2,52,39
1,50,39
0,53,38
-1,54,38
-1,52,38
0,52,36
-2,51,38
-2,52,38
-2,51,39
-2,51,36
-5,51,36
-4,54,36
-1,54,36
0,53,37
-4,51,41
-3,53,41
-4,52,41
-4,50,41
-4,49,42
-4,48,42
-5,49,43
-4,49,42
-2,52,38
-1,50,39
-2,51,39
-1,49,39
-2,49,41
-1,49,42
-2,49,41
-2,50,42
-2,52,40
-4,50,40
-3,53,39
-5,52,40
-3,55,42
-4,51,41
-4,49,40
-5,49,41
-6,49,39
-7,52,39
-7,51,39
-5,50,39
-6,50,40
-7,53,40
-6,52,38
-4,53,38
-4,51,38
-4,53,38
-4,51,38
-5,53,40
-6,51,40
-7,51,40
-6,51,40
-4,53,39
-4,49,41
-3,49,40
-5,49,40
-6,49,40
-6,50,40
-7,50,39
-8,51,40
-7,53,37
-8,49,38
-9,50,36
-10,51,38
-10,51,36
-11,54,38
-8,52,39
-7,54,38
-9,50,37
-12,51,38
-14,53,39
-12,52,38
-14,55,40
-14,50,36
-12,52,37
-13,53,36
-12,46,37
-10,50,40
-11,51,41
-7,49,39
-8,48,42
-3,53,43
-10,51,36
-14,51,34
-17,51,36
-23,52,39
-21,52,36
-29,58,30
-36,58,24
-41,54,33
-37,59,29
-33,58,28
-15,39,40
-8,48,26
2,48,17
-10,46,11
-8,62,6
-7,59,-4
2,53,-29
1,53,-32
1,46,-50
2,35,-50
2,37,-59
-13,62,-25
-19,80,-30
37,0,-76
-40,-48,-91
7,5,-49
-7,52,-5
7,15,-96
0,30,-64
-10,31,-53
-13,28,-46
3,46,-61
-6,40,-49
-4,43,-52
-6,46,-48
-9,48,-50
-9,56,-50
-12,50,-46
-12,45,-38
-14,29,-38
-15,34,-37
-16,61,-8
-14,43,-61
-17,49,-65
-18,39,-58
-17,37,-55
-19,39,-50
-22,31,-47
-18,32,-43
-16,23,-42
-19,53,-30
-19,27,-56
-25,34,-67
-25,34,-59
-26,29,-57
-25,27,-56
-26,29,-56
-20,29,-51
-16,20,-43
-19,29,-44
-16,53,-29
-12,30,-60
-21,38,-71
-20,36,-57
-20,37,-50
-17,36,-52
-17,41,-56
-12,34,-51
-15,34,-30
-4,68,-23
-10,45,-67
0,50,-47
0,67,-23
0,71,-27
0,65,-31
-4,64,-19
-4,71,-20
-10,83,8
-25,91,14
-19,61,-3
-6,66,47
-10,25,6
-8,37,-2
-4,67,-11
2,39,-9
-4,62,-19
2,48,-52
5,22,-63
-1,43,-74
-7,67,-46
11,33,-81
3,39,-54
-1,78,-10
3,64,-8
-1,45,-18
9,64,-14
9,58,-8
-14,86,-1
-16,92,2
-7,78,52
-3,-19,-2
-5,23,-10
1,56,-20
-2,36,-21
-4,47,-26
-3,51,-52
6,37,-68
1,33,-57
14,96,-52
5,59,-64
-6,42,-36
3,40,-34
8,54,-42
7,66,-40
7,59,-25
-8,53,-26
-11,80,-35
-39,66,-16
0,68,-32
3,62,-13
4,45,-13
-6,40,-41
-2,47,-48
6,40,-47
5,34,-38
-5,38,-48
2,21,-50
-1,44,-56
2,83,-50
13,38,-55
17,57,-44
-1,61,-7
3,57,-34
9,64,-27
13,73,-18
11,71,-13
4,67,1
-11,75,-1
-21,73,-21
-2,84,27
-10,23,23
-9,45,-9
-6,34,6
-7,40,-23
2,40,-23
12,74,-51
6,33,-64
1,31,-63
9,77,-62
9,72,-54
15,32,-74
-1,64,-21
3,58,-30
7,62,-21
11,69,-16
10,66,-15
4,64,1
-16,81,-8
-24,87,3
-20,78,51
-1,11,-15
-1,19,4
-4,44,-7
2,55,-22
6,44,-16
-10,46,-7
9,39,-53
9,44,-62
12,61,-61
23,74,-84
4,24,-40
7,41,-38
2,61,-31
4,57,-26
6,62,-17
10,62,-24
1,71,-18
-11,84,-40
-27,54,-31
-23,85,-3
-15,14,-27
4,18,-25
0,50,-49
1,41,-48
3,36,-36
6,36,-45
-3,42,-40
9,56,-61
6,54,-44
-11,56,-48
-15,69,-17
-27,69,-5
-20,61,-14
-16,56,-14
-19,60,-9
-24,72,4
-19,52,8
-15,47,11
-17,48,34
-15,49,28
-17,51,28
-16,47,27
-20,56,22
-19,59,18
-19,57,24
-19,53,27
-16,57,29
-15,60,33
-12,58,36
-17,59,38
-9,55,37
-9,53,45
-3,42,42
-3,44,50
-5,43,50
-2,41,57
-3,40,51
-5,43,50
-5,44,45
-6,44,43
-6,47,44
-7,48,45
-6,46,41
-10,48,44
-12,51,39
-16,53,38
-17,53,36
-17,52,36
-16,57,35
-16,55,32
-15,57,33
-15,55,36
-15,54,37
-15,53,39
-14,50,38
-12,49,41
-12,49,41
-6,48,39
-8,49,38
-8,51,35
-11,48,37
-13,48,41
-14,52,38
-13,49,41
-15,48,42
-13,49,44
-10,47,45
-7,46,43
-4,47,44
-2,48,44
-3,48,43
-4,51,45
-5,50,38
-2,55,33
-3,55,32
-3,54,33
-4,54,32
-7,53,32
-10,50,37
-12,50,35
-15,49,39
-17,50,31
-22,53,30
-23,56,27
-26,51,32
-26,54,28
-24,59,23
-25,55,34
-22,52,35
-14,49,36
-12,49,38
-12,48,39
-13,50,40
-13,53,38
-17,51,40
-17,49,38
-16,50,40
-11,56,38
-6,53,36
-3,52,36
-1,53,34
-3,54,33
-6,55,35
-3,55,35
-2,55,34
-3,54,35
-4,53,34
-5,54,35
-6,54,36
-5,55,38
-3,52,39
-5,52,40
-7,50,40
-5,49,39
-4,51,39
-5,50,39
-9,51,43
-9,47,42
-8,51,42
-5,49,39
-2,53,40
-4,50,41
0,49,39
-1,48,42
-1,51,41
0,51,40
1,52,37
0,55,34
-1,59,29
-3,66,23
-1,61,30
1,60,26
0,60,27
3,59,29
1,57,30
1,58,34
0,55,34
2,53,33
-1,57,29
-2,56,30
-3,57,31
-4,56,26
-7,57,29
-6,58,29
-6,55,31
-6,57,31
-5,57,33
-6,56,34
-7,56,33
-7,59,33
-6,55,32
-4,58,31
-2,56,32
-6,54,32
-6,60,26
-3,60,23
2,57,23
5,56,25
3,59,22
3,61,26
4,58,25
4,59,23
2,53,26
3,62,21
3,56,25
0,62,22
2,59,25
3,58,31
3,56,34
2,54,36
3,54,35
4,55,35
4,53,38
7,50,38
6,51,40
6,54,39
4,50,41
7,51,39
3,50,40
-4,48,40
-6,49,39
-2,52,44
-3,48,42
-3,49,42
-3,50,40
-1,52,38
-2,51,40
-1,51,42
-3,52,40
0,50,41
0,48,42
-1,46,44
1,46,46
4,46,47
4,48,42
2,53,36
1,53,34
-1,54,37
-2,53,36
-1,52,34
-4,51,40
-11,39,49
-15,60,33
-2,66,17
-11,54,33
-16,59,33
-10,63,33
-8,59,30
-11,63,29
-8,61,23
-7,54,27
-6,52,25
-5,53,21
-4,47,15
-7,56,9
-2,53,20
-11,62,24
-8,62,17
-3,60,18
-6,60,32
-4,59,20
-6,60,4
-8,52,-23
-4,46,-47
-5,58,-37
-9,71,-43
-11,0,-14
-76,102,-32
-18,11,-50
-21,38,-43
-19,50,-34
-11,41,-50
-4,39,-60
-24,39,-45
-20,44,-46
-17,42,-49
-18,44,-47
-20,50,-45
-21,49,-43
-20,50,-42
-24,51,-38
-24,52,-41
-22,44,-35
-21,34,-37
-25,42,-25
-24,69,-17
-26,43,-64
-36,47,-52
-29,40,-50
-27,38,-47
-26,39,-48
-26,40,-36
-26,30,-38
-21,37,-35
-21,43,-8
-17,31,-66
-26,40,-59
-29,41,-50
-25,39,-48
-23,38,-46
-24,44,-46
-22,42,-36
-22,24,-37
-25,37,-38
-19,67,-19
-19,41,-58
-28,39,-56
-25,43,-50
-22,43,-46
-20,40,-44
-23,44,-45
-18,29,-44
-15,20,-45
-2,62,-32
-2,41,-62
12,53,-57
11,58,-26
18,72,-37
13,75,-30
-3,44,0
0,56,-16
-5,89,-3
-15,77,-3
-12,62,-3
-4,62,44
-2,43,-10
-3,32,4
0,40,-9
-9,45,-14
-10,34,-1
-3,67,-50
4,26,-68
-1,34,-59
-1,71,-45
-1,42,-78
12,46,-57
17,58,-34
6,63,-21
14,59,-32
12,62,-21
14,66,1
-13,77,6
-36,81,1
-1,75,-15
-14,38,78
-7,26,-17
-1,48,-16
-16,34,-10
5,85,-55
-6,60,-43
4,36,-47
4,32,-87
4,38,-62
8,64,-47
14,40,-55
7,55,-53
5,56,-29
12,63,-14
7,52,-23
21,75,-22
15,73,-16
11,63,1
2,91,-4
-18,85,-4
-12,86,51
-8,5,-35
-7,29,-9
-7,22,8
-17,31,-28
1,64,-62
4,45,-42
4,41,-54
9,28,-77
3,39,-54
6,75,-78
16,46,-64
10,54,-46
7,50,-31
5,52,-29
4,62,-19
2,74,-12
-2,70,-2
-3,80,10
-27,79,17
-11,75,6
-6,53,19
-10,21,19
1,51,-7
3,56,-8
-3,39,2
-17,38,-48
18,56,-70
9,19,-59
6,38,-83
2,55,-50
-15,15,-59
2,27,-36
17,49,-62
8,67,-38
13,64,-30
13,66,-8
12,69,-10
16,65,-19
-14,83,19
-20,88,-9
-19,93,41
2,10,1
-21,8,16
-13,43,-8
-5,37,-16
-5,47,-28
-11,59,-17
6,40,-54
8,35,-63
5,59,-63
5,72,-19
7,47,-52
14,56,-49
18,54,-39
16,61,-36
16,63,-23
11,57,-14
19,72,-5
12,55,11
-4,89,13
-15,88,13
-22,62,34
1,79,6
-6,6,18
-10,33,6
-6,54,-20
1,54,-7
-3,36,-4
9,76,-25
9,38,-55
18,59,-69
16,64,-56
16,37,-51
40,62,-44
33,60,-13
34,61,-5
30,51,5
23,59,11
22,58,7
20,56,15
19,57,27
11,51,36
11,47,32
6,50,38
3,54,37
5,50,39
4,51,37
7,51,30
5,46,52
13,76,0
8,57,30
9,56,34
8,57,34
8,57,34
7,56,37
1,51,36
-2,49,39
-3,49,41
-9,51,39
-13,52,34
-13,51,34
-11,52,35
-10,53,35
-9,57,34
-8,52,33
-7,54,32
-6,59,27
-8,59,16
-9,64,3
-9,60,17
-12,71,3
-12,65,-2
-13,67,-3
-11,65,-5
-9,75,-4
4,60,-2
4,69,2
1,51,29
-2,48,41
-4,50,41
-4,53,42
-1,48,41
-2,47,38
-4,46,39
-8,47,45
-7,53,41
-5,50,41
-5,48,43
-3,50,47
-4,50,43
-4,50,42
-5,48,44
-4,50,44
-4,45,50
-8,50,43
-9,48,42
-10,49,44
-10,49,44
-11,47,43
-12,44,43
-13,45,43
-12,47,42
-11,46,43
-9,50,42
-10,50,40
-8,48,42
-5,50,43
-6,47,46
-5,47,44
-6,48,44
-5,49,45
-6,49,45
-5,47,43
-5,47,45
-7,47,44
-9,47,43
-10,47,43
-11,46,43
-12,47,43
-14,44,46
-13,44,46
-11,43,47
-10,44,46
-9,46,43
-6,46,42
-5,48,44
-5,48,43
-5,50,44
-4,53,46
-4,52,46
-6,51,40
-6,52,38
-5,53,38
-6,53,38
-7,47,40
-4,47,42
-3,51,41
-3,49,41
-1,48,39
-3,51,41
-4,52,43
-5,50,43
-3,48,41
-3,50,43
-2,51,40
0,52,39
-1,52,38
-3,54,38
-3,53,37
-1,54,35
2,53,35
3,51,37
4,51,39
4,50,39
5,52,40
3,52,39
2,53,39
1,51,41
2,50,42
1,49,42
-1,50,43
-2,52,44
-2,51,43
-2,52,42
-2,49,42
0,48,42
-3,47,43
-5,49,44
-6,48,43
-8,47,44
-9,47,43
-8,47,42
-7,49,43
-7,50,40
-6,49,41
-4,49,41
-5,49,42
-3,50,43
-3,50,41
-4,49,43
-2,50,43
-3,49,42
-4,51,42
-6,50,42
-5,48,42
-4,48,42
-6,47,43
-7,47,43
-10,46,45
-11,48,44
-11,47,43
-10,47,41
-9,47,41
-9,48,40
-9,50,41
-9,47,42
-6,49,42
-7,47,42
-8,48,42
-7,49,44
-6,50,43
-7,49,43
-6,50,43
-5,50,41
-5,49,40
-3,52,41
-2,50,41
-2,52,40
-2,52,41
-2,50,42
-2,47,44
-1,46,44
-1,46,44
-2,49,41
-4,49,41
-4,50,40
-4,49,40
-4,51,39
-3,52,38
-3,52,38
-4,53,37
-3,51,39
-2,51,40
-4,49,42
-3,51,41
-3,48,42
-4,51,41
-5,51,45
-4,52,41
-4,50,38
-7,50,40
-9,47,38
-9,46,40
-9,47,42
-10,48,43
-11,49,41
-11,48,41
-13,49,41
-14,47,41
-14,49,41
-15,49,40
-12,47,42
-11,46,43
-13,47,42
-14,49,43
-13,47,46
-12,48,47
-12,43,39
-14,54,31
-14,64,33
-13,69,23
-15,69,12
-19,65,20
-14,64,9
-11,55,23
-6,52,15
-3,52,9
-5,59,-1
-6,51,13
-7,58,4
-1,59,-23
6,64,-49
5,39,-48
12,37,-55
-7,23,-55
4,77,-90
-18,115,-30
17,126,-55
-80,-18,2
7,30,-84
32,60,-86
19,46,-66
12,31,-75
-11,35,-49
-7,37,-55
-10,38,-54
-12,37,-54
-13,35,-58
-18,35,-60
-21,28,-56
-19,27,-51
-16,16,-46
-16,23,-33
-14,51,-38
-17,29,-67
-23,37,-60
-20,26,-55
-22,24,-62
-21,25,-59
-24,17,-55
-17,24,-54
-13,11,-48
-13,26,-44
-12,55,-30
-13,21,-68
-19,30,-71
-16,20,-62
-16,17,-60
-17,21,-64
-16,21,-63
-16,22,-56
-17,17,-48
-10,24,-62
-14,61,-31
-14,29,-70
-14,45,-57
-3,59,-42
5,63,-40
-8,49,-5
-5,65,-20
-5,72,-7
-12,80,3
-27,93,19
-22,43,9
-9,40,48
-11,21,-3
-4,48,-3
-6,33,-8
-1,49,-20
-9,47,-25
11,42,-54
-2,22,-64
-1,47,-72
6,80,-51
11,51,-48
12,59,-52
4,51,-28
7,58,-33
8,60,-23
9,68,-16
1,70,-25
-17,83,-1
-14,71,-11
-7,75,1
-5,7,-19
-2,23,-22
-5,45,-48
3,44,-58
0,33,-34
2,38,-44
-2,21,-39
-2,52,-63
7,86,-45
15,49,-87
17,49,-59
12,60,-45
-2,58,-17
13,75,-31
-1,54,-7
-2,56,-8
-15,68,11
-19,82,7
-22,81,27
-11,88,34
2,21,-13
-9,30,10
-10,40,-23
-5,49,-43
-11,47,2
-7,42,-51
7,12,-58
2,34,-57
-1,74,-48
-5,32,-70
9,40,-61
-4,52,-23
6,60,-23
16,72,-22
9,69,-14
10,53,-15
-5,48,1
-16,80,5
-25,70,40
4,85,34
-13,10,9
-5,29,11
-10,31,-7
-3,39,-37
-9,59,0
1,32,-48
6,7,-52
10,34,-88
8,59,-40
16,30,-86
13,46,-59
8,46,-33
8,54,-37
8,60,-31
8,67,-30
7,68,-25
-3,61,-4
-12,76,3
-5,51,-31
-11,78,-1
2,29,-34
-5,23,-29
-2,27,-54
-1,33,-55
-1,25,-33
3,32,-42
3,24,-42
2,38,-61
7,65,-53
5,48,-54
9,44,-30
12,71,-20
5,52,-23
12,57,-27
2,67,-9
10,77,-15
15,68,-3
7,80,-13
-24,90,7
-35,83,46
-6,24,-5
-5,18,-9
3,40,-2
-5,34,-2
-4,75,-43
11,51,-47
6,41,-42
5,37,-47
14,51,-72
13,77,-62
9,31,-67
16,51,-50
7,56,-38
7,52,-41
10,61,-40
11,63,-34
9,66,-29
5,67,-9
1,62,-7
3,68,-3
2,70,0
-2,64,6
-5,61,16
-1,57,24
-8,43,34
-10,44,40
-6,54,30
-7,44,35
-6,46,31
-10,72,-7
-16,49,42
-12,52,17
-19,61,3
-25,56,12
-26,58,18
-31,55,25
-29,53,28
-24,52,35
-20,49,44
-18,50,47
-15,48,45
-17,46,48
-14,47,45
-16,50,43
-16,47,37
-16,53,31
-18,58,20
-22,58,21
-22,64,18
-12,60,4
-8,65,-3
-7,58,-4
-1,57,-17
-5,58,-22
-12,59,-29
-13,56,-31
-14,56,-31
-12,57,-29
-13,55,-19
-16,63,-13
-12,65,-16
0,70,-11
2,67,14
4,57,24
-3,49,43
1,51,46
0,46,42
-5,44,48
-5,44,51
-4,39,49
-4,41,52
-2,44,50
-3,45,48
-3,45,47
-2,45,45
-1,47,48
2,53,42
1,54,42
2,56,40
4,54,39
3,52,35
5,54,32
5,58,34
6,53,32
2,56,30
-4,59,29
-6,58,30
-6,57,30
-6,56,29
-3,57,31
-1,55,31
-1,54,32
-3,55,33
-2,55,33
-3,56,34
-3,57,36
-2,55,36
0,56,38
1,54,36
-3,56,34
-4,54,34
-3,54,33
-5,54,37
-6,53,32
-8,52,35
-8,52,37
-12,48,45
-19,48,46
-13,56,27
-9,56,30
-8,53,34
-8,53,33
-12,53,36
-14,52,38
-15,53,36
-14,51,37
-15,52,38
-16,54,37
-16,52,38
-15,51,37
-13,51,37
-15,50,38
-15,48,37
-17,48,40
-18,50,38
-20,49,38
-19,50,37
-17,51,35
-15,51,35
-15,51,35
-15,51,36
-15,51,35
-15,53,35
-14,53,34
-14,53,35
-14,53,36
-13,53,38
-13,52,36
-13,54,36
-13,53,36
-12,53,35
-13,52,39
-11,51,36
-13,50,37
-14,50,35
-15,51,36
-15,51,37
-14,51,38
-14,51,37
-13,51,36
-14,51,37
-13,51,36
-14,51,38
-13,52,36
-13,52,37
-14,52,37
-14,52,38
-13,51,37
-12,52,40
-11,51,38
-9,52,36
-11,54,39
-12,55,38
-11,51,38
-10,49,38
-9,50,40
-9,49,40
-9,51,41
-8,52,39
-9,53,39
-11,52,37
-11,52,36
-11,51,35
-12,53,36
-12,52,36
-11,52,37
-11,54,38
-8,56,36
-7,54,36
-8,53,36
-9,54,39
-7,52,36
-7,51,35
-8,51,36
-8,51,36
-9,53,38
-9,53,38
-6,52,35
-7,51,34
-10,52,36
-10,54,34
-7,53,36
-6,51,38
-6,51,39
-6,53,37
-7,55,37
-9,55,39
-8,55,36
-9,51,39
-10,52,40
-11,52,38
-9,53,36
-9,53,35
-10,54,39
-11,52,38
-11,50,35
-10,50,36
-12,47,35
-13,49,42
-9,48,37
-11,49,38
-13,50,41
-14,50,39
-15,50,39
-16,50,39
-14,49,39
-11,48,41
-9,48,42
-10,48,44
-7,48,49
-5,47,48
-1,47,43
1,48,47
3,48,45
2,51,41
3,51,38
5,53,27
1,55,28
3,58,27
0,60,19
-2,61,5
-6,69,6
-3,73,-1
-4,59,0
-4,65,-6
-10,59,-2
-14,47,-9
-15,61,-8
-15,61,-8
-18,65,-8
-12,61,-14
-5,59,-52
-11,65,-9
-12,67,-8
-10,66,-6
-6,66,6
-10,69,12
-9,65,18
-2,51,28
-9,49,39
-10,54,40
-7,50,38
-4,56,31
-4,58,32
-6,54,34
-4,60,32
-5,64,31
-3,55,25
-3,48,21
-4,49,16
-4,46,10
-6,51,7
-7,62,-3
-9,54,-19
-3,54,-30
-4,49,-37
-2,42,-44
2,35,-50
3,34,-72
-10,57,-36
-5,84,-57
-25,121,-65
72,-21,-86
-13,10,-67
-7,28,-58
-12,42,-39
-10,36,-52
-5,34,-50
-8,39,-52
-9,42,-51
-9,44,-51
-13,45,-49
-12,47,-50
-16,50,-50
-16,49,-45
-19,45,-45
-14,43,-47
-15,30,-31
-10,45,-39
-10,56,-33
-9,46,-63
-22,53,-54
-18,39,-50
-16,42,-53
-17,42,-46
-16,42,-42
-18,31,-38
-21,30,-38
-19,53,-25
-14,25,-66
-22,45,-52
-23,46,-53
-24,40,-49
-24,42,-48
-25,46,-45
-25,42,-41
-22,40,-35
-6,68,-86
-16,29,-45
-14,74,-24
-11,44,-32
1,48,-22
-8,47,-29
4,62,-27
-3,59,-25
-6,74,-26
-10,67,-6
-15,77,2
-22,96,-1
-19,62,1
-32,81,58
-7,49,6
1,40,-5
3,40,11
-9,34,-2
2,44,-23
-10,42,-61
1,26,-55
3,30,-80
-1,77,-52
12,44,-88
9,47,-54
-2,53,-34
1,72,-16
15,66,-19
10,67,-15
-1,51,-7
-11,98,-7
-28,86,-6
-36,70,30
3,61,-41
-6,3,5
-15,31,-2
-9,50,-39
3,44,-52
-10,52,-34
8,37,-63
5,26,-69
3,53,-67
5,79,-33
16,54,-58
-7,33,-46
-1,59,-35
2,52,-36
1,58,-45
-1,65,-42
0,58,-30
-16,71,-40
-15,35,-68
-3,71,9
-12,25,-32
3,30,-33
-7,34,-39
4,44,-67
4,47,-48
4,38,-40
6,28,-42
0,39,-49
-2,86,-45
1,34,-66
17,51,-47
1,54,-28
5,64,-27
4,58,-20
5,56,-10
6,73,-16
-4,74,1
-26,77,15
-15,78,7
-9,60,38
-4,48,-19
-5,44,-12
0,37,-5
-4,42,-20
-14,26,-35
9,45,-54
7,20,-66
4,47,-69
-4,73,-57
16,45,-60
2,45,-38
2,73,-30
11,70,-30
7,67,-30
9,61,-17
6,46,-9
-5,100,-9
-25,98,-2
-13,81,11
11,40,-21
-2,42,-22
2,43,-2
-3,32,-8
3,37,-8
-11,41,-28
3,39,-59
8,37,-72
9,49,-64
9,80,-52
13,47,-57
3,58,-56
1,65,-26
5,61,-19
3,49,-16
6,64,-19
8,64,-18
-11,78,0
-27,83,-1
-5,90,0
-9,67,36
-10,21,-4
-14,33,0
-12,61,-40
2,57,-40
-8,40,-15
3,32,-48
13,26,-61
14,44,-66
10,56,-32
9,37,-83
26,44,-85
17,53,-46
13,56,-47
15,57,-49
16,66,-29
11,63,-22
9,62,-17
8,68,-7
9,71,-3
11,69,-7
14,62,5
13,70,19
15,67,8
4,66,26
8,61,37
0,45,37
3,47,38
1,48,37
3,48,46
2,53,42
1,57,41
5,58,33
5,51,28
6,53,30
6,53,31
5,49,38
5,55,43
3,50,44
0,47,40
-5,50,34
-13,51,46
-12,53,43
-10,47,42
-8,48,40
-7,48,40
-7,49,43
-5,49,42
-2,51,45
-5,51,41
-3,51,32
-7,55,38
-5,54,33
-9,54,37
-7,56,42
-7,54,39
0,57,37
1,51,43
0,60,42
-6,52,45
-9,46,41
-12,47,38
-18,43,35
-21,49,38
-20,52,36
-17,53,39
-11,52,37
-6,54,34
-8,52,37
-6,51,37
-5,52,36
-3,55,34
-2,56,36
-1,55,38
0,52,37
3,47,30
-5,53,14
-14,67,32
-12,53,29
-15,57,27
-15,56,29
-15,54,30
-12,57,31
-12,54,30
-7,57,31
-8,53,35
-11,55,32
-8,58,27
-6,59,26
-2,60,28
-1,58,26
-1,59,24
-2,60,26
-3,59,22
1,60,23
1,60,23
6,62,20
12,65,18
16,61,18
8,61,21
3,60,23
6,56,26
6,57,25
8,60,25
8,56,29
11,61,27
11,59,23
13,59,22
11,58,21
6,60,21
5,56,26
4,56,22
5,62,23
6,62,22
6,64,18
6,63,24
5,55,33
7,58,29
4,58,32
2,55,34
-1,55,35
0,53,39
-1,51,39
-4,52,41
-5,49,37
-4,52,39
1,48,38
1,50,39
-1,50,40
0,51,42
-2,49,41
-2,50,39
-2,54,38
0,56,37
-1,55,31
-6,51,35
-7,53,32
-3,54,35
-2,52,40
-1,57,41
-2,52,35
-2,54,34
1,56,34
5,59,33
8,57,27
9,58,29
8,58,28
7,58,28
11,61,20
8,57,22
6,60,26
6,58,20
5,52,10
3,61,-6
4,62,-17
4,66,-27
5,61,-21
6,66,-18
6,62,-15
5,66,-11
2,66,-4
1,64,-4
2,65,-3
0,64,1
2,62,7
4,60,20
2,57,30
1,53,36
1,51,37
0,54,38
1,52,38
-2,52,39
-3,53,40
-3,53,36
-3,51,35
-4,52,38
-5,54,37
-6,48,41
-4,53,42
-5,52,40
-7,50,41
-8,50,39
-7,50,40
-11,47,41
-13,48,40
-6,52,41
-5,51,40
-6,51,41
-6,51,39
-7,49,37
-8,50,38
-8,53,35
-8,56,37
-5,55,35
-8,49,38
-13,50,36
-15,50,40
-16,48,38
-14,48,43
-15,48,44
-12,54,33
-16,55,37
-18,56,33
-18,56,28
-13,56,32
-17,56,26
-25,57,30
-29,55,24
-28,67,26
-23,63,17
-26,69,11
-10,52,27
-9,50,25
-6,57,21
-3,47,17
-1,46,14
-12,57,6
-8,48,-20
-7,40,-33
-1,39,-51
-3,36,-48
5,29,-57
-1,24,-57
-2,69,-92
-17,93,-59
18,119,-5
4,9,-85
-14,27,-46
30,28,-91
5,34,-70
-17,25,-49
-11,27,-59
-10,29,-56
-14,32,-58
-14,37,-58
-16,35,-58
-19,35,-59
-22,31,-54
-22,29,-58
-20,21,-50
-18,18,-42
-23,49,-28
-17,1,-82
-21,22,-68
-19,24,-63
-19,20,-60
-22,19,-60
-24,19,-59
-17,21,-51
-13,8,-43
-11,17,-58
-12,46,-33
-19,26,-72
-22,28,-70
-18,23,-65
-18,20,-61
-20,20,-59
-22,17,-60
-22,18,-58
-15,13,-46
-10,18,-44
-17,45,-30
-18,29,-73
-21,26,-70
-22,24,-66
-21,22,-62
-25,20,-57
-26,21,-60
-25,19,-53
-18,17,-44
-21,16,-48
-26,38,-37
-22,17,-77
-24,22,-72
-28,28,-59
-25,23,-58
-28,21,-56
-26,19,-53
-23,15,-48
-23,17,-44
-9,29,-55
-7,69,-28
-13,30,-85
-7,45,-40
-1,59,-42
0,61,-30
-8,64,-15
-4,71,-23
-6,69,-8
-1,77,-2
-22,86,11
8,73,-6
-11,22,51
-21,33,8
-4,35,3
-2,50,-6
3,31,-8
0,48,-29
3,50,-53
0,43,-59
4,60,-65
3,89,-38
3,34,-57
3,52,-47
-1,48,-21
7,62,-10
6,74,-22
8,68,-6
-1,58,-3
-6,95,0
-23,85,12
-17,86,33
-19,7,11
0,44,-19
-6,34,13
-13,47,-12
4,28,-20
12,63,-60
11,49,-57
8,39,-84
4,74,-61
22,79,-53
5,42,-52
3,58,-56
-1,51,-39
2,49,-34
-3,60,-33
-1,55,-42
-8,72,-20
-3,89,-61
-8,48,-20
0,81,-21
-6,-1,-11
-14,19,-42
-9,25,-54
-8,28,-56
7,31,-59
-1,23,-46
-8,5,-59
-9,37,-76
5,88,-59
-2,33,-34
10,65,-44
7,51,-22
9,57,-24
5,62,-17
9,80,-19
-5,54,2
5,73,-15
-17,85,-8
-15,101,31
-30,17,34
-11,11,6
-4,40,0
-1,49,-12
-10,31,-12
-5,57,-14
7,43,-55
3,29,-51
4,40,-70
-2,85,-19
9,50,-74
-1,47,-37
6,63,-28
8,70,-27
9,61,-31
10,70,-15
9,69,-16
5,57,-14
-7,87,3
-11,76,-4
-2,89,8
-8,29,4
-8,14,24
-6,39,3
1,53,-8
0,26,1
-8,5,-58
10,30,-66
3,21,-64
-8,21,-65
-4,36,-51
8,9,-75
-1,41,-53
10,51,-83
-4,36,-65
-5,39,-58
-2,48,-53
-5,48,-41
-3,55,-43
-6,55,-35
-5,55,-30
-5,58,-31
-5,60,-23
-6,65,-14
-8,63,-12
-9,67,-3
-8,66,-5
-13,65,9
-14,64,13
-20,45,27
-15,52,23
-18,49,30
-15,49,28
-8,46,30
-2,45,33
-4,46,34
-10,38,38
-14,113,-34
-24,34,33
-16,76,-3
-17,57,14
-21,57,15
-23,59,15
-21,60,17
-22,58,22
-22,60,21
-24,55,26
-21,54,29
-20,53,32
-19,53,31
-18,55,33
-14,55,30
-10,53,29
-9,58,28
-8,59,26
-9,58,19
-13,55,16
-14,62,12
-18,63,6
-14,59,11
-14,63,7
-16,64,8
-19,61,11
-12,69,13
-13,64,20
-12,62,24
-13,56,32
-11,55,33
-9,62,33
-8,54,38
-4,48,39
-5,46,46
3,50,43
4,45,41
1,46,42
2,47,42
1,47,40
2,47,38
2,47,41
4,49,42
5,49,46
2,51,44
2,51,43
5,51,42
3,49,40
5,52,45
7,55,49
4,48,45
0,46,42
-2,46,43
-2,40,44
-4,41,43
-6,46,43
-7,49,45
-8,47,44
-6,51,40
-4,52,38
-5,50,37
-4,54,39
-4,51,37
-5,50,39
-3,53,40
-4,51,41
-2,52,39
-1,52,42
-5,50,41
-6,51,41
-6,52,39
-4,52,37
-4,51,39
-3,49,41
0,52,41
-2,51,42
-2,49,42
-4,50,44
-6,48,42
-2,50,38
-5,47,41
-6,50,43
-5,47,39
-5,48,41
-7,48,43
-8,50,41
-5,51,40
-1,49,40
2,51,41
3,49,43
3,49,44
2,48,43
1,51,43
1,50,45
1,50,43
0,48,42
-2,49,41
-4,47,44
-5,45,44
-6,44,46
-7,45,47
-7,44,44
-7,47,42
-7,48,43
-7,50,41
-7,51,39
-7,52,40
-6,52,41
-3,51,37
-2,51,39
-2,53,38
-3,53,37
-3,52,38
-3,52,39
-4,52,39
-5,51,38
-6,49,40
-8,47,43
-9,49,42
-9,49,41
-10,50,41
-9,48,41
-9,49,40
-8,49,40
-7,53,43
-8,51,41
-6,50,38
-7,52,37
-6,54,34
-6,58,34
-6,59,30
-6,59,30
-5,60,27
-4,62,26
-4,61,23
-4,58,31
-5,61,34
-12,53,32
-11,54,35
-9,54,34
-9,55,31
-9,53,30
-10,56,32
-11,55,29
-10,56,29
-8,55,31
-6,56,34
-5,54,35
-5,53,36
-4,58,36
-8,51,37
-8,57,29
-7,63,28
-10,55,31
-9,54,35
-11,53,33
-15,54,31
-17,56,35
-16,52,31
-15,54,31
-16,54,31
-17,59,32
-14,53,31
-12,52,34
-13,53,35
-13,55,33
-14,55,34
-15,55,34
-15,56,33
-14,57,35
-12,52,36
-11,52,35
-10,54,31
-11,53,35
-11,52,37
-11,54,34
-10,55,35
-11,53,33
-10,54,32
-11,54,31
-9,56,31
-10,54,34
-9,54,33
-10,55,34
-11,55,34
-12,56,35
-12,55,35
-12,53,37
-13,54,36
-12,54,34
-12,53,35
-11,53,34
-13,52,34
-13,51,36
-12,51,36
-13,53,37
-14,52,36
-12,52,36
-14,51,37
-15,52,35
-17,52,37
-11,49,36
-13,53,38
-16,51,39
-14,52,40
-11,51,38
-12,52,39
-12,52,39
-12,51,40
-12,51,40
-10,53,40
-10,47,42
-12,47,44
-10,49,41
-5,52,37
-3,50,38
-3,51,32
-8,57,27
-6,64,24
-1,58,26
3,62,27
3,65,23
3,67,29
8,49,38
-1,42,40
-12,59,7
-2,61,1
-2,47,11
-3,50,12
-6,56,-3
-1,52,-25
-10,30,-26
-9,47,-47
-11,38,-58
-10,27,-64
-7,53,-72
-23,101,-60
-44,101,-11
-29,-48,-127
38,60,-72
-4,27,-67
-19,28,-34
5,50,-55
-1,43,-53
-14,45,-44
-17,38,-45
-16,42,-49
-17,44,-47
-20,42,-46
-21,46,-47
-21,49,-45
-21,49,-41
-23,48,-39
-23,45,-40
-19,39,-37
-23,28,-33
-20,56,-4
-18,42,-67
-21,46,-56
-20,44,-53
-22,42,-47
-22,46,-45
-25,44,-42
-18,39,-34
-19,29,-34
-19,45,-36
-18,65,-20
-25,55,-53
-28,56,-50
-25,45,-45
-26,44,-44
-23,49,-41
-27,44,-34
-21,40,-31
-22,37,-32
-27,47,-24
-20,58,-35
-29,53,-53
-29,55,-45
-27,42,-44
-29,44,-36
-27,27,-33
-26,30,-33
-18,44,-34
-8,59,-27
-2,41,-69
-7,41,-37
-1,56,-23
0,56,-8
-1,65,-23
3,72,-23
2,71,-15
-11,74,11
-16,89,-4
-1,61,0
-16,47,70
-7,23,6
-6,32,3
3,63,-16
7,51,-20
15,49,-49
4,47,-41
0,26,-52
0,42,-68
3,82,-47
18,50,-58
-1,36,-34
11,61,-22
14,74,-26
14,71,-11
13,66,-2
-5,67,-13
-18,93,-15
-27,58,16
-21,54,68
-13,20,43
-6,37,-16
-9,34,7
-10,31,2
-2,16,-26
7,50,-65
17,35,-73
1,30,-62
0,79,-39
4,32,-82
-1,39,-36
-6,30,-24
-2,52,-39
1,63,-40
-5,60,-38
-3,48,-48
-14,75,-43
-29,58,-41
-15,82,-2
6,5,-52
-9,23,-29
0,32,-26
-3,35,-43
5,36,-38
0,32,-32
-2,19,-23
6,35,-57
1,77,-50
0,55,-40
0,36,-32
-8,62,-11
13,73,-34
2,54,-26
8,63,-21
6,62,-8
0,75,-17
-7,98,0
-20,79,8
-3,69,27
-25,17,30
8,40,-38
7,43,-7
-5,30,-18
-9,38,-1
13,45,-58
12,33,-66
5,32,-63
1,79,-48
9,37,-75
8,50,-30
9,55,-30
11,59,-43
12,65,-29
19,71,-17
14,70,-12
-11,47,0
-14,95,8
-8,71,-15
-18,50,55
-5,22,-23
1,35,-9
-11,33,-20
-10,41,-50
-11,32,-46
6,33,-55
-1,13,-69
0,38,-74
-6,55,-38
17,38,-73
11,48,-59
8,61,-35
17,49,-46
15,57,-20
15,61,-12
25,68,-23
4,77,-10
-12,77,-5
-22,74,21
-6,97,25
-4,26,8
2,22,-19
-3,34,-12
-12,29,-32
7,48,-49
3,35,-46
4,28,-55
19,58,-82
22,60,-72
22,62,-52
20,61,-34
19,66,-19
20,71,-2
15,58,10
6,42,10
17,66,-4
-7,54,2
-10,55,10
-3,65,19
-3,55,32
-3,52,29
-6,55,24
-1,52,28
0,60,30
5,66,18
12,47,41
19,49,37
18,57,26
15,56,30
17,54,32
14,54,32
15,50,38
15,55,31
14,54,31
13,53,30
9,53,34
2,54,31
-1,65,23
0,55,27
2,55,28
0,57,30
4,60,25
11,61,14
7,61,11
6,62,8
3,69,-3
1,73,-15
-2,65,-6
-5,65,-6
3,64,-10
0,62,1
-1,68,2
-2,58,26
-4,60,32
-3,58,36
-2,53,40
1,53,37
-6,48,39
-4,49,37
-2,43,45
-5,44,47
-1,49,45
-2,50,42
3,53,36
-2,51,41
-2,51,38
1,51,38
-4,51,35
3,52,39
2,48,47
0,48,44
-3,53,45
-2,50,47
-2,50,43
-6,46,54
-6,48,44
-7,50,42
-8,50,35
-6,56,27
-10,54,32
-9,52,33
-6,52,33
-3,47,42
-2,52,47
-4,55,46
-6,51,45
-4,50,44
-2,49,43
-1,48,40
-1,51,39
-2,51,34
-5,54,36
-2,55,33
3,53,30
1,52,28
3,51,33
4,52,26
0,54,24
-1,58,17
-14,71,4
-14,70,-17
-9,63,-27
-5,60,-25
2,56,-45
-3,52,-35
-4,49,-36
-6,55,-36
-6,55,-36
-8,56,-21
-15,64,-15
-16,69,-5
-16,62,16
-14,58,27
-13,55,29
-11,57,33
-12,52,37
-11,51,36
-11,53,37
-9,52,36
-9,52,38
-8,52,37
-11,50,39
-10,49,40
-10,50,43
-12,52,41
-12,48,41
-11,48,42
-10,52,42
-8,48,43
-5,50,41
-7,50,45
-10,48,38
-12,51,39
-11,51,38
-14,50,42
-13,49,42
-11,44,37
-11,53,35
-8,52,36
-12,52,42
-14,51,41
-13,51,41
-11,50,42
-16,54,38
-21,46,39
-10,44,44
-7,51,37
-6,52,35
-7,54,35
-8,56,37
-7,58,34
-7,58,34
-4,57,30
-2,58,32
-1,60,39
-4,57,36
-4,49,41
-7,50,38
-6,49,38
-3,49,37
-6,49,39
-5,54,41
-3,49,42
-4,43,47
-15,47,39
-11,60,22
-8,56,35
-7,53,38
-9,53,41
-10,52,43
-9,48,40
-11,49,37
-15,52,40
-16,55,37
-19,50,38
-16,51,37
-16,47,36
-17,48,35
-18,49,39
-16,51,39
-16,51,37
-17,50,41
-19,48,41
-16,50,40
-16,47,41
-15,48,41
-16,45,38
-18,47,39
-19,50,37
-18,49,38
-19,49,38
-19,49,36
-21,48,32
-22,49,34
-23,52,33
-21,51,35
-23,50,35
-24,51,35
-24,47,35
-27,45,36
-27,47,40
-21,48,41
-23,42,44
-31,38,46
-31,42,39
-31,40,38
-35,44,38
-31,53,30
-35,45,42
-47,47,30
-36,49,13
-42,53,10
-34,37,14
-24,46,14
-23,44,14
-7,54,5
-5,44,-3
-5,49,-22
-7,49,-32
4,46,-51
-6,45,-47
11,102,-77
-22,0,-51
84,10,-78
18,44,-41
-4,17,-55
-1,30,-56
-1,38,-57
0,38,-53
-1,41,-52
-2,41,-50
-1,42,-49
-2,49,-50
-3,48,-51
-5,45,-46
-9,46,-50
-4,30,-42
-3,38,-43
-11,55,-8
4,34,-71
-5,50,-62
-10,41,-56
-11,41,-51
-10,40,-47
-15,41,-48
-11,31,-44
-11,34,-40
-15,59,-14
-10,35,-67
-9,44,-61
-16,51,-55
-15,44,-51
-14,38,-47
-16,44,-49
-13,39,-36
-11,26,-35
-11,45,-34
-18,65,-15
-8,51,-61
-14,52,-51
-15,42,-48
-14,47,-50
-16,49,-46
-20,45,-40
-21,43,-35
-18,37,-34
-14,45,-29
-23,69,-11
-9,44,-55
-22,45,-55
-23,51,-49
-22,46,-44
-21,40,-39
-26,31,-34
-20,5,-53
-22,55,-40
-13,71,-36
-23,48,-59
-26,67,-39
-19,66,-23
-17,65,-24
-11,70,-9
-10,62,1
-9,66,8
-22,85,19
-1,100,4
-10,49,72
0,31,7
-2,20,-15
-12,58,-15
4,40,-14
17,42,-47
5,36,-53
6,19,-58
2,38,-66
7,75,-48
-1,41,-15
9,62,-50
10,59,-33
4,54,-16
6,61,-18
12,75,-20
-4,67,-5
-29,87,-2
-15,71,-15
-12,99,59
0,28,-1
-2,35,-7
-15,41,-14
3,38,-32
0,49,-34
4,40,-48
7,28,-54
7,51,-69
2,68,-44
19,37,-66
0,37,-36
4,61,-43
8,51,-42
6,57,-24
2,61,-32
-2,64,-34
-21,83,-19
-30,60,-27
-1,80,-24
-2,4,-25
-9,40,-46
-2,17,-41
-3,32,-56
1,32,-47
-3,43,-46
3,19,-35
11,46,-79
4,66,-53
4,72,-49
15,47,-57
9,73,-38
14,65,-33
5,48,-27
10,74,-21
4,72,-9
5,59,-4
-7,85,-9
-23,87,10
-12,93,26
2,9,-29
2,26,-12
-4,36,-2
-4,57,-36
8,45,-39
12,61,-72
9,40,-58
6,34,-68
6,63,-55
15,76,-55
2,29,-47
3,63,-30
14,80,-18
16,66,-19
5,67,-12
9,68,-2
0,62,-2
-7,90,7
-11,85,-6
-14,60,59
-23,18,34
-6,9,4
-3,55,-8
-8,26,1
-8,39,-19
6,60,-43
11,39,-53
13,37,-74
5,59,-45
21,39,-55
7,13,-54
4,35,-69
-3,24,-79
1,38,-59
2,40,-63
3,44,-61
0,49,-56
-1,43,-55
-2,43,-41
-6,51,-36
4,62,-42
2,68,-7
9,62,-2
14,63,-7
12,66,6
3,62,18
-4,66,14
81,0,-39
48,71,-55
1,61,24
-4,51,39
-1,50,34
-6,47,39
-4,55,30
0,41,37
1,42,42
3,49,42
9,45,39
9,53,41
16,61,24
17,68,21
9,51,27
7,55,30
2,56,48
6,43,51
7,47,40
5,51,39
2,50,47
2,43,58
-10,50,30
-6,47,48
6,47,42
5,36,46
6,38,52
-2,43,49
-5,41,51
-10,47,49
-10,45,48
-13,43,46
-14,42,45
-13,44,47
-14,43,44
-14,42,46
-12,48,48
-12,43,47
-15,39,45
-16,39,47
-15,35,58
-6,78,11
6,44,45
7,49,34
8,48,42
11,50,40
8,46,48
6,46,49
1,49,43
-1,55,41
2,50,47
3,41,43
-2,40,46
-2,38,49
-4,43,53
0,46,53
0,44,50
1,46,48
-2,41,49
-3,42,49
-2,44,49
-4,45,49
-2,43,45
-6,40,50
-9,37,39
-8,44,47
-11,47,46
-13,42,44
-15,41,48
-11,38,45
-11,38,45
-12,40,48
-11,43,49
-11,43,48
-11,46,50
-9,46,48
-11,42,47
-13,40,45
-16,44,46
-13,38,47
-12,54,36
-20,28,56
-20,34,53
-10,45,40
-12,39,47
-12,43,48
-11,37,50
-5,48,48
-3,48,50
3,44,50
-10,33,59
-22,44,39
-7,64,22
-1,61,28
-5,52,33
-7,52,35
-10,59,32
-16,55,35
-13,55,31
-15,52,30
-18,52,33
-19,52,32
-16,54,31
-10,62,27
-10,60,27
-8,61,27
-2,58,27
2,62,32
1,58,31
0,54,36
0,58,36
3,53,37
0,50,36
-5,52,39
-3,57,34
-1,48,34
-7,47,43
-9,45,47
-6,43,44
-7,52,38
-10,53,34
-14,53,36
-17,55,28
-18,53,31
-20,53,28
-22,55,31
-27,58,18
-33,58,26
-29,60,21
-28,55,24
-26,56,28
-15,58,36
-8,55,31
-6,51,39
-2,53,34
-1,53,31
-2,52,36
-3,52,36
-4,53,35
-5,54,35
-6,53,37
-7,52,39
-4,51,38
-4,50,40
-1,53,40
-1,51,43
1,49,41
-1,48,42
-1,49,43
-5,47,40
-6,50,40
-5,50,40
-5,51,40
-5,49,40
-5,50,41
-6,49,40
-6,51,41
-5,51,40
-5,52,40
-6,53,39
-4,50,39
-3,51,40
-3,50,41
-3,52,41
-3,51,40
-1,51,39
-2,49,40
-5,51,44
-7,51,42
-10,50,42
-10,50,40
-9,51,38
-10,51,38
-8,52,37
-7,52,37
-7,53,36
-6,54,37
-6,54,36
-7,53,37
-6,53,39
-6,53,37
-5,52,38
-6,48,47
-12,46,51
-13,58,30
-3,62,25
-1,57,31
2,56,36
1,55,34
-4,54,35
-7,54,38
-7,52,36
-9,55,34
-7,55,28
-8,63,28
-10,61,24
-6,51,34
2,51,39
4,53,35
3,56,33
1,54,38
1,51,39
2,54,39
4,52,37
6,54,36
3,55,33
5,54,33
6,53,36
5,55,35
3,53,38
-2,47,47
-6,56,33
-3,60,28
-1,55,30
-3,54,35
-4,55,37
-2,55,37
1,53,36
1,56,38
-2,55,36
-5,53,38
-5,51,39
-4,54,38
-6,55,37
-5,55,36
-6,53,36
-5,53,35
-6,52,36
-6,54,35
-10,56,31
-13,56,33
-11,55,35
-10,53,35
-9,53,36
-10,53,32
-9,55,36
-10,53,34
-8,55,34
-9,54,35
-7,55,34
-8,58,32
-9,64,26
-13,56,27
-10,48,38
-5,48,42
-7,53,39
-6,55,40
-5,50,36
-6,53,36
-5,52,36
-6,53,36
-4,51,38
-5,51,39
-6,53,35
-6,54,35
-6,54,34
-3,54,38
-2,53,36
-4,53,37
-3,53,38
-5,53,40
-3,53,39
-3,54,36
-6,49,41
-7,52,37
-7,51,38
-7,50,35
-7,44,39
-9,53,38
-4,56,33
7,56,37
-1,50,36
1,51,34
5,49,36
-5,52,36
-9,52,46
0,56,42
-5,53,41
-3,49,54
-15,45,48
-17,56,27
-10,61,27
-18,49,45
-18,52,39
-18,59,36
-11,65,23
-13,62,30
-12,64,25
-9,60,23
-6,53,20
1,45,10
-2,44,6
-4,52,3
0,58,-8
-2,43,-28
5,37,-48
3,35,-57
4,27,-53
7,29,-62
12,80,-71
0,0,-80
6,118,-77
-16,55,-18
-27,23,-45
-3,37,-62
-4,46,-52
-12,42,-45
-20,44,-43
-16,38,-48
-19,37,-47
-17,46,-49
-19,45,-50
-22,46,-48
-25,45,-45
-27,49,-45
-27,46,-42
-27,28,-34
-24,36,-26
-23,69,-7
-24,33,-55
-32,41,-67
-28,43,-58
-25,35,-50
-28,42,-48
-31,46,-48
-28,29,-37
-29,30,-29
-25,59,-16
-29,31,-67
-27,54,-59
-23,42,-49
-27,45,-44
-31,45,-41
-27,41,-37
-29,39,-29
-23,34,-29
-28,41,-25
-28,66,2
-32,45,-45
-32,54,-48
-31,50,-47
-30,50,-39
-28,49,-33
-25,41,-33
2,58,-112
-14,42,-45
-14,68,-6
-4,58,-60
-5,50,-37
-5,70,-23
-7,61,-9
-6,56,-6
-4,82,-22
-9,77,-2
-6,90,6
-26,80,22
-16,71,27
2,9,3
-3,23,-7
-3,59,-26
6,60,-7
7,61,-19
1,32,-39
7,22,-65
6,36,-68
-7,60,-49
12,23,-90
-5,37,-32
10,64,-31
13,61,-35
5,50,-14
12,63,-22
-9,76,-6
-20,89,-9
-11,65,-9
-18,69,45
-14,9,33
3,43,-16
-8,32,7
-8,41,-18
11,45,-46
-13,31,-63
3,36,-56
2,45,-57
1,81,-39
-3,45,-54
11,34,-74
5,56,-23
-1,45,-52
-3,44,-38
1,52,-61
-4,47,-59
-13,64,-47
-34,56,-46
-23,46,-29
-53,13,4
-11,35,-43
-12,9,-43
-5,35,-65
-8,17,-50
-2,25,-50
-5,30,-58
-8,14,-46
1,36,-72
-1,79,-39
20,51,-102
7,55,-50
5,63,-36
3,66,-37
10,70,-33
0,70,-6
2,55,-8
-4,73,1
-22,89,8
-6,90,27
1,72,34
-15,18,21
-12,49,-2
0,47,-6
-5,41,-1
-3,27,-13
11,38,-55
7,29,-79
2,36,-67
-3,68,-29
-5,11,-78
13,54,-56
15,69,-57
16,65,-29
11,52,-25
10,59,-22
12,63,-7
-17,79,10
-30,85,15
-17,51,7
-28,30,43
-4,19,-5
-8,34,17
-13,47,-12
2,47,-20
26,48,-41
18,37,-54
9,29,-65
3,33,-75
11,74,-67
10,33,-85
1,39,-46
9,63,-53
-10,64,-17
-14,61,-17
-14,72,-9
-17,63,4
-16,62,7
-15,84,8
-19,84,20
-3,90,25
-3,14,9
-4,26,19
4,49,7
-3,32,3
-4,45,-22
12,60,-39
6,30,-44
10,22,-49
3,40,-68
9,63,-52
8,32,-61
17,36,-58
16,62,-33
22,67,-28
28,62,-21
20,51,-8
17,64,-5
17,65,-16
17,72,-1
-1,57,4
-7,63,0
-5,62,9
-1,54,12
1,57,26
-6,50,30
-5,47,30
-5,43,43
4,48,41
5,54,39
9,56,38
11,53,35
9,53,35
6,48,39
6,53,35
6,54,41
6,54,32
0,50,42
1,51,36
3,57,25
-5,57,20
-9,62,21
-8,62,11
-13,63,15
-12,67,11
-14,59,19
-11,59,26
-12,58,25
-12,60,27
-14,64,22
-13,58,25
-13,63,29
-8,60,28
-3,58,34
-4,55,35
-5,55,39
-9,56,42
-13,55,43
-11,47,44
-11,52,43
-13,49,31
-14,53,28
-15,55,44
-14,55,32
-14,51,30
-16,52,32
-14,54,29
-18,54,29
-21,57,32
-19,58,34
-16,53,28
-17,57,32
-8,48,35
-11,51,45
-9,48,40
-7,50,39
-7,48,43
-7,47,44
-9,48,41
-6,48,45
-7,49,42
-9,48,40
-10,48,43
-11,47,42
-9,50,44
-11,48,41
-10,49,42
-12,50,43
-7,51,40
-6,50,39
-5,51,40
-3,50,41
-4,53,37
-3,50,37
-2,49,38
-3,49,42
-5,51,43
-7,48,42
-6,53,44
-6,50,41
-5,49,43
-6,53,39
-8,53,38
-8,54,35
-9,53,35
-8,55,36
-11,54,34
-10,57,33
-12,57,26
-17,60,22
-23,64,25
-20,64,14
-10,55,20
-2,62,15
0,61,12
-4,60,16
-3,62,9
2,55,26
2,53,35
1,54,35
0,54,33
1,55,31
1,56,33
3,60,30
2,58,31
2,59,30
-3,56,32
-1,56,30
0,58,29
-2,58,28
-5,49,33
-16,56,34
-9,65,20
1,68,19
-1,57,25
-6,53,29
-5,58,26
-2,59,23
-5,58,23
-5,62,21
-4,61,21
-5,63,21
-5,61,25
-5,57,29
-5,58,31
-6,55,26
-8,57,31
-8,53,30
-7,57,28
-6,58,29
-6,58,26
-7,59,29
-9,59,29
-7,57,29
-7,56,31
-9,55,30
-9,56,32
-9,55,30
-7,57,32
-8,57,32
-7,58,31
-7,56,32
-6,54,33
-6,57,33
-5,56,32
-2,48,32
-4,53,37
-8,53,31
-6,55,34
-4,54,35
-3,54,34
-1,55,34
0,54,34
-1,53,36
-2,55,36
0,59,29
-3,60,28
-7,55,32
-8,57,34
-10,49,44
-7,53,41
-6,55,36
-7,52,38
-8,55,37
-7,55,36
-6,53,35
-6,49,37
-12,47,46
-20,53,32
-13,61,28
-7,58,27
-6,56,39
-4,50,37
-3,53,39
-3,51,38
-4,51,39
-5,53,38
-6,53,38
-6,54,38
-7,52,35
-5,54,36
-6,53,36
-5,54,39
-7,54,39
-8,54,36
-7,55,35
-6,55,34
-7,55,36
-6,55,35
-6,53,35
-6,52,35
-8,52,34
-9,53,36
-10,55,36
-10,56,35
-9,55,36
-11,53,34
-17,53,33
-14,55,34
-13,52,32
-12,53,31
-11,54,33
-10,53,36
-13,50,35
-17,50,36
-12,56,38
-14,50,40
-11,49,41
-10,49,39
-13,51,39
-27,50,33
-28,57,32
-27,60,28
-22,62,34
-10,57,25
-9,54,27
-7,56,21
-7,51,15
1,47,10
1,45,8
-5,60,-19
-7,44,-25
0,38,-45
2,38,-51
9,31,-63
-1,41,-42
3,101,-96
-3,123,-55
-27,72,-11
-10,23,-27
-9,26,-56
2,38,-48
4,41,-59
-8,41,-49
-10,42,-47
-11,46,-48
-12,48,-47
-14,47,-46
-16,50,-48
-18,52,-43
-21,50,-39
-21,52,-39
-26,50,-43
-21,37,-38
-18,38,-32
-22,51,-5
-18,41,-65
-26,53,-55
-26,48,-46
-28,49,-44
-28,46,-40
-27,46,-40
-27,41,-33
-24,28,-35
-27,47,-31
-28,63,-14
-28,50,-49
-30,50,-48
-28,42,-45
-27,42,-43
-24,44,-38
-17,36,-33
-10,24,-38
-16,47,-36
-7,67,-27
-11,32,-66
14,55,-29
-9,56,-31
-4,66,-25
-4,67,-24
-6,60,-16
-17,76,-14
-21,89,8
-9,91,0
4,95,-22
3,17,-25
1,24,-1
-9,42,-14
1,34,-7
3,77,-20
-5,39,-51
8,32,-79
1,33,-66
1,75,-54
-5,46,-60
-1,34,-54
-5,48,-41
7,56,-34
2,64,-25
4,58,-20
-5,63,-8
-17,77,-10
-26,87,3
-18,72,-18
-33,53,88
-10,13,14
-2,41,-10
3,50,-9
-5,26,-6
-13,24,-21
3,38,-35
-1,27,-48
-3,45,-52
2,67,-76
3,33,-72
0,33,-60
-1,37,-87
-16,42,-40
-8,29,-59
-6,51,-65
-8,48,-58
-16,69,-60
-8,48,-34
-44,1,-10
7,30,-19
-5,39,-57
2,26,-62
2,23,-50
0,37,-49
4,25,-52
1,23,-49
3,54,-70
-9,73,-30
8,61,-48
20,64,-50
9,57,-41
10,68,-20
10,69,-18
4,58,-5
4,65,-12
-6,81,12
-14,86,5
-20,65,43
-9,-3,-5
4,42,-15
-3,30,14
-7,28,-7
8,72,-36
-9,26,-4
5,32,-47
3,38,-87
-3,72,-46
5,49,-83
4,33,-52
14,63,-46
5,52,-26
10,66,-26
18,75,-41
2,69,-5
-3,86,0
-20,85,11
-35,40,23
6,103,23
0,36,4
-5,26,14
-12,45,-8
15,58,-18
-3,44,-34
31,49,-73
9,31,-68
0,19,-67
4,66,-51
2,28,-71
2,40,-56
1,54,-35
5,61,-38
9,59,-16
2,65,-15
3,57,-18
0,56,-5
-5,87,-11
-30,81,8
-15,92,-2
-9,17,-42
-17,-5,41
-7,38,7
1,70,-23
3,40,-15
10,55,-3
3,40,-49
5,18,-61
-1,36,-83
-5,47,-51
-7,21,-80
7,33,-60
0,37,-47
-1,49,-47
-1,46,-56
-6,50,-51
-7,44,-48
-8,50,-44
-9,52,-46
-9,46,-38
-6,50,-31
-5,59,-24
-6,63,-14
-7,66,-4
-8,69,0
-12,69,3
-13,71,4
-12,58,14
-26,29,24
-11,54,20
-14,46,32
-15,49,38
-14,49,27
-13,48,34
-13,47,35
-13,52,35
-15,56,32
-14,55,30
-15,69,12
-23,49,37
-16,53,38
-13,52,36
-18,54,34
-21,52,37
-16,53,37
-13,53,33
-12,56,30
-10,58,28
-10,59,26
-6,59,26
-8,57,26
-10,58,27
-8,60,18
-17,57,20
-17,54,22
-17,62,13
-19,64,18
-20,59,30
-24,53,31
-23,57,28
-16,55,27
-16,52,28
-14,44,33
-10,51,42
-9,45,42
-4,47,44
-1,49,43
1,47,43
0,47,48
1,46,48
1,47,46
2,48,44
1,46,46
6,51,42
5,52,39
8,54,35
8,52,37
10,62,39
12,56,31
2,55,25
-3,55,28
-8,57,30
-7,61,28
-3,59,31
-1,55,29
0,53,32
-2,60,28
-2,63,23
0,59,22
4,63,20
2,62,24
3,65,21
6,61,18
5,59,28
8,57,25
5,57,25
7,58,29
9,54,29
7,57,26
8,57,23
6,58,25
0,62,24
1,63,21
1,62,23
-1,61,24
-2,63,22
-10,62,16
-6,61,18
2,61,9
3,67,-3
2,66,1
2,63,3
0,64,5
-1,64,4
0,62,10
-1,65,10
-2,64,11
-1,63,15
2,63,16
3,60,19
4,61,25
7,62,20
8,64,20
10,61,23
8,62,20
6,56,24
5,61,22
1,60,25
-2,60,28
-4,52,32
-13,69,0
-18,68,16
-9,57,18
-13,51,23
-9,60,18
-11,56,28
-10,61,21
-11,57,21
-11,57,24
-13,61,19
-11,62,19
-20,60,44
-4,62,13
-12,63,20
-10,71,10
-12,60,25
-3,60,20
-6,60,24
-3,64,15
-1,61,19
3,57,23
1,57,23
1,57,28
0,56,28
-1,60,31
-1,58,33
-2,56,34
-4,57,33
-4,57,32
-4,58,32
-4,57,35
-5,53,37
-6,50,34
-10,50,39
-13,51,34
-16,55,34
-13,50,37
-11,48,42
-10,47,43
-11,47,42
-8,48,39
-8,48,42
-6,48,39
-6,48,41
-8,46,44
-7,49,43
-8,54,37
-10,55,33
-15,59,28
-13,62,17
-10,60,-2
-7,63,-15
-6,66,-20
-5,63,-22
-3,57,-23
-5,57,-28
-4,58,-30
-5,55,-36
-6,54,-40
-3,58,-30
-5,58,-28
-11,55,-16
-14,62,-14
-17,66,-3
-17,58,8
-14,57,15
-17,60,17
-18,60,19
-20,57,22
-18,58,21
-19,55,25
-16,54,30
-15,54,32
-13,54,31
-12,54,33
-10,53,32
-10,54,33
-11,54,41
-11,55,36
-8,55,36
-7,49,39
-6,47,42
-5,46,45
-6,44,48
-3,48,45
-3,50,40
-3,49,38
-5,51,38
-5,51,36
-3,50,37
-1,51,37
-3,50,39
-3,51,38
-2,48,38
-5,50,37
-6,54,30
-2,58,28
-4,59,20
-7,68,17
0,65,18
-3,63,21
-3,64,18
-5,65,19
-5,63,21
-4,62,21
-4,60,26
-6,61,28
-7,59,30
-6,57,32
-4,53,31
-7,53,35
-5,52,35
-6,53,35
-6,51,37
-5,50,37
-5,54,36
-5,57,33
-3,56,30
-8,50,34
3,46,46
5,47,43
6,53,44
3,51,45
-2,58,36
3,58,40
-4,53,35
-1,56,32
1,55,34
4,52,34
3,48,34
5,53,32
4,54,37
9,54,38
3,52,31
1,56,37
1,56,40
5,54,40
5,59,40
-4,65,28
-11,70,19
-6,66,24
0,53,31
-1,49,28
-1,45,24
-3,43,25
-4,43,18
-1,60,7
-3,61,-6
-2,52,-32
2,53,-39
-1,43,-57
-1,32,-58
2,56,-54
-4,96,-61
-24,0,-53
25,68,-83
-8,19,-56
1,40,-63
-15,39,-48
-19,37,-39
-19,41,-46
-18,42,-45
-20,43,-47
-20,49,-46
-22,49,-42
-23,50,-41
-25,51,-41
-24,49,-39
-24,44,-37
-25,29,-36
-25,36,-35
-22,63,-4
-23,46,-60
-31,53,-50
-25,43,-47
-26,46,-44
-23,47,-41
-24,44,-37
-21,29,-37
-26,37,-27
-26,66,-9
-19,41,-61
-29,44,-48
-27,46,-53
-28,45,-49
-27,45,-45
-26,42,-37
-24,33,-36
-25,39,-30
-25,66,-11
-20,32,-63
-27,44,-51
-29,56,-44
-28,43,-43
-28,44,-35
-24,44,-33
-25,38,-33
-57,38,41
-14,52,-43
-9,68,-24
-8,55,-55
-10,56,-48
0,62,-40
1,66,-24
2,64,-39
-12,58,-1
-8,76,2
-14,91,0
-17,77,34
-6,68,49
-2,4,-31
-6,30,5
-8,53,-28
6,43,-24
3,50,-20
6,40,-52
9,27,-56
-2,50,-58
0,87,-47
4,45,-44
3,61,-36
-9,43,-21
9,59,-33
2,63,-18
4,60,-1
-3,66,-2
-24,84,-3
-12,70,21
-6,72,53
-2,29,5
-8,33,14
1,58,-19
-2,17,-12
-3,47,-52
3,41,-57
7,24,-70
-10,27,-68
-6,75,-47
-1,36,-54
-12,57,-32
2,68,-37
2,69,-23
3,69,-34
4,65,-15
0,70,-7
-15,103,7
-12,74,6
-12,100,20
-3,21,-16
1,27,5
-12,30,-5
1,64,-24
4,36,-31
-9,25,-45
3,21,-74
3,34,-64
4,92,-51
13,43,-83
-5,34,-43
14,66,-49
5,68,-39
1,51,-51
-7,62,-39
-6,45,-49
-23,70,-40
-4,57,-55
-1,87,-27
-8,-3,-54
-1,11,-39
5,43,-61
-7,25,-44
4,42,-44
-4,31,-40
3,23,-35
-1,14,-61
0,60,-43
-3,49,-75
16,37,-50
-2,50,-39
-5,51,-24
1,69,-25
2,70,-25
3,71,-17
-9,60,-4
-10,84,20
-20,88,12
-10,85,29
0,25,-27
-4,17,6
-10,40,6
2,54,-24
-5,36,-39
-6,39,-38
5,35,-50
9,33,-74
11,56,-73
11,75,-46
22,36,-57
13,49,-58
10,62,-36
16,67,-19
14,67,-23
15,64,-23
0,47,-10
-12,84,3
-18,66,4
-6,78,38
-10,19,-13
-1,25,5
-2,34,23
2,40,-18
4,59,-17
-10,31,-33
4,44,-50
10,37,-67
9,63,-71
18,55,-70
9,26,-44
11,43,-47
13,64,-42
19,55,-37
19,53,-25
22,59,-10
25,61,-8
20,61,1
18,66,5
21,70,13
8,53,28
11,52,6
10,50,24
11,49,30
6,50,30
6,51,35
3,52,34
-3,50,32
5,53,36
9,57,34
8,55,32
13,57,31
9,57,29
10,49,36
9,52,40
4,52,38
3,51,40
2,51,38
2,49,40
0,46,36
-3,50,34
1,51,38
1,49,39
-2,54,41
10,48,35
8,50,39
5,55,40
5,61,30
3,58,31
3,59,29
-3,58,32
-5,57,32
-9,59,36
-11,59,33
-14,52,40
-12,52,34
-12,49,31
-12,52,37
-11,49,37
-12,50,38
-9,50,34
-5,50,32
-4,53,33
-4,51,35
-3,50,38
0,52,40
0,54,34
-6,55,31
-10,59,25
-12,62,10
-18,71,0
-17,60,12
-24,67,5
-17,72,-3
-17,63,12
-10,63,13
-5,60,14
-3,56,22
-5,51,32
-2,48,46
1,53,40
-2,52,36
-6,49,39
-7,52,42
-7,46,45
-10,46,46
-12,53,42
-9,46,43
-8,49,43
-9,45,43
-8,43,41
-8,44,44
-6,44,44
-6,47,44
-6,47,45
-6,46,42
-9,45,47
-9,50,45
-9,51,45
-6,48,45
-3,49,43
-3,47,45
-5,47,47
-5,44,45
-3,43,48
-1,44,47
-1,46,44
-1,46,42
-2,48,41
-4,48,41
-6,48,41
-7,48,40
-7,49,41
-7,48,43
-7,48,42
-6,50,44
-8,51,41
-7,54,43
-2,53,44
-2,50,45
-4,50,46
-3,50,43
-4,47,39
-7,49,43
-7,46,45
-9,45,48
-6,41,43
-7,43,41
-9,46,45
-9,45,49
-8,46,45
-6,49,45
-5,48,44
-3,53,40
-2,52,35
1,57,34
0,54,29
-2,60,33
-3,59,34
-4,54,31
-4,56,29
-2,56,31
-7,46,43
-2,62,17
-6,66,5
-8,72,-9
-6,67,-4
-10,65,-6
-11,68,-3
-8,73,-6
-7,70,-1
-2,63,6
-1,58,21
-3,54,31
-6,48,31
-1,49,32
-7,48,40
-9,49,38
-12,46,40
-15,53,39
-18,49,44
-14,48,42
-9,50,45
-6,52,44
0,47,43
-1,46,41
0,48,45
0,51,38
-2,56,38
-4,54,39
-5,54,36
-3,55,36
-1,54,34
-1,57,31
-3,56,29
-3,56,31
-4,55,33
-3,55,36
-5,55,33
-3,56,36
-3,56,35
-4,55,36
-3,54,35
-3,54,34
-2,55,36
-3,54,36
-3,55,37
-2,53,37
-1,53,36
-2,54,36
-3,53,36
-4,55,35
-5,53,36
-6,52,35
-7,53,35
-7,51,37
-7,52,37
-5,52,38
-5,54,37
-6,51,37
-8,53,38
-9,50,39
-8,52,38
-8,53,38
-10,48,45
-5,49,38
-7,44,41
-8,48,42
-5,46,41
-6,47,42
-4,49,41
-4,52,41
-4,49,39
-6,52,37
-7,51,36
-6,53,38
-6,52,36
-6,54,36
-6,55,36
-3,54,36
-3,52,36
-2,54,40
-3,54,39
-4,52,38
-5,54,38
-5,53,36
-4,53,35
-5,50,34
-5,53,37
-5,54,36
-4,54,37
-3,51,37
-4,52,37
-5,52,38
-6,51,39
-5,54,39
-2,53,38
1,52,35
4,52,35
3,53,37
1,52,37
-2,52,39
-4,52,39
-3,51,37
-5,57,28
-11,63,21
-14,46,46
-6,50,41
-8,58,32
-6,55,37
-9,54,34
-4,55,37
2,58,34
5,49,38
5,55,35
5,59,32
-1,65,27
-7,71,24
2,55,28
0,59,22
3,52,24
0,39,26
10,42,5
1,52,-1
-5,58,-30
-3,54,-31
-1,46,-51
8,33,-55
5,34,-48
-11,62,-75
-23,0,-84
31,0,23
-15,60,-37
-36,26,-27
-13,20,-50
1,37,-55
-10,31,-57
-15,29,-57
-15,29,-57
-12,32,-57
-15,31,-56
-16,33,-56
-19,34,-55
-19,35,-56
-21,35,-58
-22,34,-55
-20,29,-54
-17,17,-43
-12,23,-29
-17,63,-34
-13,19,-70
-23,20,-69
-23,27,-67
-22,27,-60
-23,25,-58
-23,22,-55
-22,28,-47
-16,13,-46
-15,23,-39
-21,56,-29
-22,21,-71
-29,22,-63
-25,24,-63
-25,21,-56
-27,23,-61
-26,19,-54
-23,23,-50
-22,15,-43
-21,23,-51
-24,52,-34
-22,23,-65
-28,20,-64
-25,23,-62
-28,18,-56
-22,23,-58
-20,17,-56
-16,23,-49
-13,17,-44
-9,22,-57
-10,62,-28
-12,23,-72
-7,51,-52
-11,58,-15
-5,67,-36
-1,59,-26
0,69,-21
-7,62,-4
-5,87,1
-20,87,-8
-43,45,53
1,52,34
-13,26,9
-13,30,22
-3,57,-18
-3,48,-5
-10,19,-44
4,36,-60
4,17,-62
-10,43,-68
-7,73,-46
11,42,-88
-9,34,-59
-23,41,-25
-3,61,-64
-10,42,-64
-2,37,-41
4,72,-77
-2,74,-77
6,86,-30
13,-19,-82
0,19,-48
-7,11,-48
0,25,-63
2,29,-45
2,32,-52
1,11,-37
-3,25,-78
-1,78,-50
11,54,-76
9,45,-47
6,79,-25
3,61,-32
9,69,-19
12,70,-25
-1,59,10
-13,81,19
-19,94,4
-18,56,9
18,32,-14
-6,9,4
-8,34,-9
10,55,-32
6,43,-39
-6,42,-47
4,28,-65
-1,21,-61
-2,52,-56
4,70,-48
19,42,-52
9,67,-35
5,59,-32
8,54,-23
7,59,-28
10,77,-30
1,63,-2
-8,87,-4
-4,90,1
-19,88,53
-11,22,7
-10,21,1
0,46,-9
-2,27,-3
-5,58,-37
-14,56,-29
14,27,-48
2,17,-65
-4,66,-62
11,52,-70
0,20,-39
18,65,-63
12,54,-32
10,62,-21
3,64,-22
4,65,-18
10,61,-13
-5,88,3
-26,90,-3
-20,76,34
-20,5,10
-14,6,18
-8,41,-19
1,28,-8
-10,42,-44
-2,51,-22
6,41,-45
4,27,-63
8,37,-69
2,73,-42
17,47,-66
14,46,-40
18,58,-33
20,67,-39
13,60,-13
22,73,-19
19,75,-9
7,57,3
-8,87,10
-2,79,-4
-16,79,48
1,51,14
11,43,-16
0,28,15
-8,49,-7
0,57,-19
0,36,-32
7,39,-55
9,50,-57
5,66,-54
5,42,-62
3,53,-45
-2,65,-30
-6,65,-22
-5,68,-27
-13,70,-20
-23,78,11
-27,67,14
-22,75,11
-19,48,14
-13,47,17
-14,44,29
-12,46,31
-10,43,32
-6,47,34
-9,45,37
-14,48,40
-17,63,22
-22,66,31
-21,57,33
-20,55,33
-23,52,38
-21,51,36
-19,53,35
-18,55,31
-14,62,19
-20,55,28
-7,44,39
0,58,26
-3,55,32
-2,57,24
-7,59,30
-9,55,34
-9,55,34
-13,50,38
-13,50,36
-15,50,35
-22,50,35
-23,53,40
-22,52,39
-25,49,41
-26,47,41
-22,49,36
-23,49,30
-28,48,31
-28,47,31
-27,52,29
-34,51,28
-31,54,28
-27,53,28
-26,51,25
-28,52,26
-30,52,27
-30,54,25
-34,52,26
-35,53,26
-34,52,26
-29,51,24
-24,53,26
-25,56,23
-26,53,20
-26,52,20
-29,53,21
-31,53,20
-27,55,22
-27,54,27
-28,54,27
-26,52,29
-21,52,33
-21,51,34
-14,55,35
-10,55,33
-9,56,30
-4,56,35
-3,54,34
-4,54,40
-2,51,40
6,48,44
4,49,38
6,56,42
8,54,39
6,53,35
7,54,32
8,53,36
10,54,32
10,59,30
7,56,33
-2,50,58
-15,61,27
-7,48,26
-5,50,37
-3,50,38
1,50,39
1,49,37
-4,50,43
-2,43,53
-1,42,49
-4,44,47
-7,41,47
-10,40,49
-6,43,56
0,43,41
1,46,45
-3,43,44
-7,44,44
-5,52,45
-1,52,38
-4,54,34
-6,54,34
-7,54,30
-8,53,29
-8,57,28
-9,58,30
-13,57,29
-10,60,30
-8,57,27
-11,59,24
-16,61,26
-16,57,25
-15,56,25
-14,55,24
-14,56,28
-15,55,26
-16,57,27
-16,57,28
-16,58,27
-14,56,29
-15,56,32
-13,54,32
-10,55,34
-9,52,34
-10,53,36
-11,54,35
-11,51,35
-12,52,36
-12,54,39
-10,52,38
-12,51,37
-12,52,35
-13,53,37
-14,51,36
-13,54,39
-12,52,36
-10,54,38
-8,56,27
-7,60,21
-10,57,27
-11,59,23
-14,60,23
-15,59,24
-16,58,25
-16,58,25
-15,59,24
-17,59,22
-18,58,23
-17,59,22
-17,60,19
-15,60,23
-15,58,22
-16,59,25
-16,60,22
-14,58,23
-16,57,23
-16,59,22
-16,60,24
-16,58,23
-16,57,23
-19,60,25
-17,59,23
-14,60,22
-14,62,20
-12,59,30
-4,52,32
-5,59,27
-6,57,26
-3,58,28
-3,61,26
-3,60,23
-4,60,22
-5,59,26
-6,60,24
-10,62,25
-6,61,23
-5,64,19
-1,66,19
9,63,24
11,58,21
13,63,18
15,59,16
13,63,14
13,61,17
10,62,16
10,62,12
8,61,14
8,62,13
12,62,15
14,60,16
11,59,14
7,59,15
7,63,16
7,64,16
7,63,15
6,62,14
3,63,13
3,62,15
3,63,14
2,62,16
3,64,11
-3,62,16
-5,66,12
-9,63,15
-6,61,22
-5,57,27
-4,59,32
-5,57,32
-4,55,33
-3,53,34
-5,54,34
-6,54,34
-9,50,39
-7,45,39
-4,49,39
-12,46,49
-17,51,40
-9,59,22
-5,59,29
-2,59,29
-8,55,33
-3,55,37
-2,51,41
2,55,43
2,54,40
-2,48,42
-12,53,44
-13,53,42
-11,55,37
-17,54,31
-18,55,34
-16,59,29
-14,59,21
-14,60,23
-10,57,23
-6,53,18
-5,46,19
2,45,5
1,56,-8
-3,47,-23
-7,47,-43
-11,32,-47
4,26,-50
-15,34,-53
1,91,-95
-29,0,-44
19,2,-110
-21,-8,-53
-18,25,-54
-18,40,-34
-15,36,-52
-13,32,-55
-20,34,-53
-20,37,-58
-23,34,-53
-24,34,-51
-27,31,-50
-30,29,-53
-32,28,-51
-28,22,-49
-24,23,-41
-26,27,-21
-31,54,-23
-30,35,-73
-36,29,-56
-33,25,-54
-31,24,-56
-32,21,-58
-28,22,-48
-21,14,-43
-27,21,-38
-21,57,-27
-28,21,-70
-37,26,-68
-32,30,-56
-29,29,-53
-29,28,-51
-30,29,-53
-27,23,-48
-25,23,-42
-27,21,-42
-28,61,-19
-27,32,-65
-32,33,-62
-32,34,-59
-30,27,-52
-31,30,-51
-30,32,-49
-29,31,-47
-39,5,-60
-16,23,-31
-6,48,-49
2,68,-28
1,52,-35
7,63,-25
9,67,-18
13,69,-19
9,61,-10
2,75,-19
-8,75,16
-17,95,14
1,79,-7
-3,86,65
-2,21,-7
-15,23,10
-6,56,-11
7,50,-9
-8,25,14
10,48,-65
22,36,-97
-4,36,-71
11,64,-55
-4,26,-61
2,49,-63
3,55,-53
13,57,-49
2,55,-18
11,76,-31
4,69,-13
0,100,7
-16,72,13
-15,105,71
-8,49,9
10,34,-35
-2,30,9
-9,27,-12
-13,51,-16
-4,55,-44
3,23,-65
-1,38,-59
9,96,-53
2,36,-80
18,60,-40
2,73,-30
2,62,-21
2,58,-34
8,70,-39
5,67,-23
-9,63,-24
-10,84,-19
6,78,-29
1,67,-20
-4,42,-41
-6,29,-13
-6,35,-38
6,45,-45
-7,40,-41
8,45,-54
3,21,-54
0,48,-51
0,80,-35
8,50,-48
-3,67,-25
3,57,-28
-1,53,-20
3,76,-24
0,73,-7
-8,64,9
-7,83,25
-26,92,49
-5,79,30
-2,15,-2
-12,21,4
1,49,-4
3,34,-16
0,69,-26
6,52,-55
11,40,-70
1,35,-64
-4,72,-48
7,56,-60
-1,42,-41
3,52,-42
-1,61,-28
7,61,-27
0,55,-5
5,72,-22
7,73,-16
-7,88,-4
-13,95,20
-6,96,10
5,19,-15
-2,31,-4
2,50,6
-1,35,-5
11,93,-32
19,43,-54
15,41,-65
9,27,-64
1,77,-54
6,49,-65
4,31,-52
-1,44,-43
3,53,-42
11,51,-37
9,74,-25
5,67,-7
-1,59,4
-5,82,8
-19,79,18
-12,95,39
0,25,-10
-11,4,22
1,52,-9
-2,28,5
1,41,-24
-6,49,-35
6,34,-70
8,24,-75
4,41,-78
12,60,-93
-2,31,-58
13,42,-49
13,60,-39
17,53,-33
25,64,-26
28,62,-10
29,63,7
26,60,2
23,63,4
14,49,15
10,54,34
14,54,20
6,52,28
4,45,38
3,45,31
-1,49,38
2,55,38
3,54,37
4,56,35
6,52,42
6,58,30
9,66,19
0,56,35
-14,51,30
-11,67,22
-16,53,31
-14,56,33
-14,50,32
-11,52,35
-10,54,35
-10,53,33
-9,53,30
-6,53,29
-5,54,30
-2,56,29
-1,60,29
-4,60,27
-3,61,31
-5,60,24
-4,57,28
-5,60,36
-6,61,35
-14,55,37
-15,55,41
-12,47,45
-15,51,35
-25,51,54
-22,52,42
-11,54,28
-11,57,26
-12,55,25
-13,54,31
-14,59,26
-17,60,22
-11,56,27
-12,53,23
-12,54,37
-10,51,38
-9,51,39
-12,50,42
-11,47,42
-9,48,43
-9,49,43
-8,49,40
-8,48,43
-4,49,42
-3,48,41
-5,49,41
-6,46,47
-5,47,42
-7,52,41
-6,53,43
-9,54,43
-11,54,40
-11,51,37
-9,50,39
-11,52,33
-11,53,29
-7,57,36
-10,51,33
-4,56,38
-4,54,32
-6,56,26
-6,61,17
-7,66,12
-11,65,5
-10,65,4
-13,63,-1
-14,64,-3
-14,64,-7
-14,60,-10
-12,63,-8
-11,64,-9
-11,68,3
-9,66,2
-5,62,6
-5,61,12
-3,62,13
-1,61,17
-5,62,20
-4,60,25
-1,64,29
-4,50,30
-12,57,30
-8,62,32
-9,55,32
-7,55,34
-3,53,35
-2,55,37
-3,53,36
-2,54,39
-3,53,36
-1,52,34
-2,53,36
-4,53,37
-3,54,37
-2,54,36
-2,55,39
-1,51,37
-5,52,40
-6,57,38
-5,56,37
-2,52,38
-2,51,37
-2,53,36
-3,53,36
1,54,38
1,53,38
0,51,36
-1,50,37
-4,50,39
-3,54,39
-6,54,32
-8,58,34
-8,58,34
-7,52,31
-7,57,32
-7,54,36
-8,53,38
-8,53,37
-6,50,38
-4,50,39
-4,49,38
-5,51,41
-5,50,39
-7,53,40
-9,53,35
-9,60,35
-11,57,28
-8,57,22
-8,56,11
-10,53,-2
-11,54,-23
-13,53,-49
-12,55,-50
-10,51,-45
-9,46,-39
-9,49,-46
-7,48,-41
-7,46,-40
-9,50,-42
-9,51,-40
-10,52,-38
-14,58,-35
-12,69,-18
-14,65,2
-10,52,26
-6,51,34
-7,50,35
-6,50,37
-4,52,36
-5,53,38
-4,50,39
-5,49,39
-6,50,42
-6,50,39
-4,50,39
-5,50,39
-6,52,40
-4,54,38
-5,52,37
-6,50,39
-7,49,39
-4,51,39
-3,51,39
-3,52,39
-3,51,39
-2,49,40
-4,53,40
-5,52,41
-7,52,41
-9,50,38
-10,50,38
-11,50,39
-9,51,40
-12,54,39
-16,54,40
-14,53,38
-12,49,37
-12,51,38
-12,54,38
-10,52,37
-8,50,39
-7,52,38
-9,51,37
-6,52,38
-3,53,37
-2,51,37
-3,53,36
-2,53,35
-3,53,35
-6,53,37
-7,58,35
-7,55,30
-8,55,32
-9,57,34
-7,55,33
-7,56,34
-9,58,36
-9,54,36
-7,52,36
-6,53,37
-8,52,36
-7,54,38
-8,50,38
-7,53,33
-12,52,36
-11,50,42
-9,44,40
-10,44,41
-7,50,41
-9,52,40
-19,55,33
-19,54,30
-15,61,41
-5,53,33
-9,54,33
-16,57,32
-32,66,28
-33,62,16
-23,60,19
-8,57,26
-1,53,24
0,48,25
0,43,19
2,51,-3
-7,61,-10
-6,47,-18
-4,37,-38
5,46,-49
7,30,-55
5,10,-63
-3,41,-66
-32,83,-23
4,127,-63
-75,-126,42
4,4,-77
-17,29,-48
-6,31,-62
-8,33,-55
-7,32,-58
-9,34,-59
-10,33,-58
-8,38,-55
-9,41,-55
-12,39,-55
-14,38,-53
-14,42,-53
-15,42,-55
-18,34,-53
-10,25,-48
-11,18,-39
-11,68,-30
-14,18,-71
-19,35,-65
-20,40,-67
-18,29,-54
-20,32,-56
-19,26,-54
-18,23,-50
-17,19,-41
-21,36,-50
-16,52,-39
-18,25,-66
-23,34,-63
-20,33,-62
-21,28,-60
-23,28,-59
-22,27,-51
-21,24,-47
-17,20,-44
-23,40,-42
-18,43,-45
-18,34,-64
-21,34,-60
-23,31,-58
-23,32,-53
-17,28,-58
-18,30,-38
-13,24,-45
-12,39,-48
-5,62,-25
-9,51,-43
-5,54,-38
-4,67,-22
-3,50,-25
-2,63,-21
0,70,-18
-9,72,-8
-14,79,3
-21,66,25
-14,110,42
2,2,2
-8,28,5
-8,49,-6
3,59,-31
1,58,-27
20,65,-72
6,31,-76
4,32,-80
-2,70,-50
36,44,-117
5,52,-44
-25,77,5
9,55,-23
7,56,-25
8,69,-19
10,65,-29
-6,93,-18
-29,78,24
-3,91,4
-10,12,-27
-6,11,2
-5,52,-29
-6,20,-12
7,46,-59
5,65,-71
6,24,-51
8,30,-74
6,74,-38
8,49,-62
8,32,-52
7,67,-37
6,63,-39
-2,64,-23
0,60,-32
3,60,-32
2,90,-38
-1,84,-65
-6,80,-31
-11,58,-47
3,27,-11
2,41,-51
3,36,-55
-2,31,-41
2,35,-41
6,31,-35
9,30,-60
-1,47,-40
6,53,-67
16,59,-56
7,73,-37
10,61,-55
7,60,-18
2,55,-16
10,78,-12
2,63,1
1,83,4
-14,84,9
6,86,20
-22,27,24
-7,16,7
-7,34,8
-10,46,-22
3,52,-21
-5,31,-40
8,29,-49
3,28,-55
4,53,-49
10,78,-69
7,47,-57
7,61,-37
7,64,-34
12,58,-23
11,67,-12
10,66,-14
13,70,-13
-1,76,-10
-19,75,22
-4,111,19
-9,22,-1
3,24,-7
1,50,0
-3,31,-6
0,46,-43
14,74,-41
3,28,-57
3,29,-95
3,50,-74
3,57,-54
17,57,-70
17,37,-61
-2,39,-27
10,55,-36
13,63,-28
13,70,-21
9,53,4
2,79,2
-19,84,11
-4,76,30
-14,70,8
-3,28,-1
0,19,8
-4,34,4
4,58,-19
16,48,-39
-5,32,-20
14,33,-87
3,29,-78
2,41,-64
2,27,-60
11,40,-48
12,55,-46
10,56,-42
8,55,-38
7,58,-31
6,66,-31
4,67,-17
-2,68,-5
0,82,-7
-25,59,39
-17,55,14
-22,54,28
-10,47,28
-11,43,32
-12,37,43
-6,47,24
-16,54,30
-16,53,27
-16,58,29
-17,52,37
-18,53,35
-21,49,42
-17,52,35
-14,52,38
-9,50,41
-10,51,47
-9,49,42
-9,47,40
-8,49,36
-8,53,37
-8,52,33
-12,51,35
-14,51,38
-18,49,38
-27,47,41
-27,55,29
-26,59,27
-21,56,29
-22,54,35
-13,63,27
-13,56,27
-14,59,28
-11,51,23
-9,50,39
-5,52,40
-2,56,36
-2,50,34
-2,53,36
-1,52,35
0,48,38
0,50,40
-3,48,43
2,49,44
3,52,42
2,49,43
3,49,42
6,53,40
2,55,39
2,50,35
3,50,35
4,53,34
5,53,36
6,53,39
6,53,44
7,52,37
7,52,36
4,54,36
6,56,30
4,57,30
6,59,32
7,55,29
10,55,27
5,52,36
6,53,37
6,54,37
6,52,38
3,55,32
-3,57,30
-5,59,29
-6,61,27
-7,59,26
-8,53,28
-42,46,79
-11,59,29
-14,56,28
-15,57,25
-20,58,26
-22,57,27
-20,72,31
-15,59,23
-11,61,19
-8,60,21
-6,59,23
-4,55,28
-6,56,30
-5,56,32
-7,54,31
-8,58,32
-6,57,34
-5,56,30
-7,59,28
-6,60,26
-8,60,26
-10,60,22
-9,60,18
-8,62,17
-6,63,17
-4,61,14
-5,63,13
-2,62,11
0,62,11
-1,63,10
-3,64,12
-4,62,14
-8,60,21
-11,59,25
-11,57,29
-11,54,31
-11,54,33
-12,57,34
-9,55,38
-6,52,38
-8,52,40
-6,54,42
-7,52,42
-7,52,40
-8,54,43
-6,51,42
-5,49,38
-3,49,36
-5,50,40
-9,49,39
-9,52,35
-13,55,34
-10,52,37
-7,51,37
-8,52,40
-8,50,41
-7,53,38
-8,54,39
-10,55,36
-9,56,37
-6,54,37
-3,53,37
-3,51,35
-6,51,38
-7,52,39
-9,51,38
-8,52,37
-10,53,36
-9,54,34
-10,53,35
-10,52,35
-8,54,35
-8,51,38
-7,53,39
-6,52,38
-3,53,37
-4,55,36
-6,53,41
-5,58,31
-5,53,35
-5,53,36
-7,52,37
-8,53,37
-7,53,34
-8,54,36
-8,53,36
-6,53,37
-6,52,38
-4,53,39
-5,53,38
-5,54,38
-7,53,39
-9,51,38
-9,53,40
-9,49,41
-9,47,40
-11,48,42
-11,49,42
-11,48,40
-12,50,40
-12,49,39
-12,50,38
-11,51,38
-9,51,39
-11,50,40
-9,51,38
-11,51,40
-11,51,38
-11,51,39
-13,51,42
-12,50,40
-14,49,39
-14,49,41
-14,49,40
-16,50,41
-16,49,39
-14,50,38
-14,49,38
-12,52,39
-12,51,39
-11,52,38
-11,53,40
-8,54,37
-8,52,38
-6,52,38
-6,54,38
-7,51,41
-4,49,39
-5,49,40
-7,50,39
-12,50,38
-15,53,40
-15,51,37
-11,51,39
-7,47,34
-5,56,39
-5,57,29
-6,52,29
-6,53,33
-6,54,36
-10,54,34
-1,56,39
2,54,35
2,49,41
2,50,44
6,53,43
4,52,42
6,50,37
7,48,41
6,52,47
6,50,40
7,50,26
3,54,30
-4,57,30
2,57,32
10,56,27
10,62,29
12,60,30
9,57,30
-3,56,38
-18,68,22
-17,67,13
-10,53,21
-6,49,22
-6,45,17
-4,42,13
0,54,-5
-3,58,-20
-1,58,-26
2,39,-33
0,33,-56
0,26,-64
-11,28,-52
2,69,-72
-25,120,-54
23,127,-55
-32,15,3
7,20,-72
4,28,-68
-5,37,-55
-6,45,-55
-11,40,-51
-10,37,-52
-13,38,-51
-14,40,-53
-17,37,-50
-17,39,-55
-18,38,-51
-22,38,-48
-22,42,-52
-25,39,-50
-22,33,-44
-22,22,-38
-23,27,-47
-18,61,-20
-19,25,-61
-30,36,-65
-29,26,-63
-28,26,-63
-30,23,-56
-29,22,-55
-23,19,-47
-22,18,-39
-22,49,-27
-24,24,-69
-21,27,-71
-20,28,-63
-21,25,-58
-23,28,-57
-23,30,-58
-19,30,-45
-19,23,-42
-22,29,-42
-24,53,-41
-16,35,-61
-27,36,-57
-28,30,-57
-26,27,-54
-28,29,-51
-27,23,-51
-25,24,-46
-37,32,21
-18,19,-50
-25,51,-25
-16,34,-52
-11,51,-43
-5,63,-38
4,68,-34
-10,54,-10
-14,73,-1
-13,68,18
-19,82,14
-24,70,36
-26,69,81
1,-2,-5
-6,22,21
1,64,-14
1,26,8
-20,18,2
14,51,-53
6,36,-77
3,31,-88
-7,87,-49
-6,21,-73
2,60,-42
5,51,-31
8,62,-21
1,58,-19
10,73,-21
-1,57,0
-8,94,4
-20,76,5
-18,94,46
-11,1,-30
-1,6,14
-8,44,-2
4,45,-10
-1,31,-12
17,58,-51
2,35,-39
2,23,-62
6,69,-69
12,71,-49
-4,32,-42
10,59,-45
1,49,-26
10,69,-42
1,67,-14
-8,62,3
-12,77,11
-19,79,9
-9,66,21
2,66,36
2,31,-6
-1,48,-36
5,26,-35
0,41,-53
7,38,-32
10,40,-33
7,32,-59
7,31,-56
3,70,-46
7,41,-68
16,40,-55
8,68,-25
13,59,-32
7,60,-13
10,67,-12
13,68,-14
-6,61,8
-17,82,9
-21,68,15
-16,66,58
-3,29,8
-3,32,9
-4,42,-14
2,50,-30
24,34,-17
12,37,-58
11,32,-62
6,34,-76
0,69,-57
1,32,-69
2,50,-46
5,54,-30
9,54,-28
7,62,-19
16,72,-28
3,53,8
-4,94,-10
-27,75,23
-10,95,22
1,16,-16
-12,25,-8
-1,41,-1
5,33,-12
4,45,-29
-6,34,-42
6,36,-59
6,26,-67
6,59,-58
27,88,-74
6,32,-42
13,66,-56
7,61,-33
11,54,-27
9,69,-18
19,67,-13
2,60,2
-1,91,-9
-19,86,3
-7,78,22
-2,56,-8
-14,5,16
-8,30,12
3,64,-18
6,37,-7
10,58,-19
3,32,-42
10,30,-68
3,26,-68
2,52,-59
-12,30,-58
11,45,-54
7,43,-39
9,48,-47
10,58,-38
14,62,-36
13,60,-26
17,68,-20
17,64,-6
16,62,9
16,68,13
4,60,13
4,58,10
-9,58,20
-9,53,22
-8,55,31
-7,46,29
-5,51,31
-8,48,36
-7,57,24
-2,63,19
8,70,5
9,66,0
11,65,-1
10,64,2
8,62,-2
5,61,-7
0,59,-5
0,61,-10
-1,59,-5
-7,62,-5
-10,74,-3
-3,68,4
3,65,5
7,63,9
7,57,17
5,56,32
7,49,41
7,47,40
5,48,38
4,51,37
2,49,38
3,49,44
1,47,40
-1,48,41
-3,49,42
0,51,45
3,51,40
3,48,42
1,52,30
2,56,34
4,55,34
3,58,39
2,56,42
-1,56,44
-4,50,42
-4,52,41
-1,53,41
-4,49,42
-5,48,39
-4,49,39
-6,50,40
-7,50,37
-6,50,38
-5,47,41
-5,50,40
-8,48,41
-9,49,42
-8,49,41
-8,48,41
-6,49,42
-4,50,43
0,50,41
2,50,41
2,51,40
3,50,37
-1,51,38
0,55,35
-1,56,32
0,55,33
1,55,36
1,57,37
1,52,39
3,51,40
5,52,40
5,51,38
2,53,42
7,49,42
6,48,41
3,54,42
0,52,38
-1,51,35
-6,56,35
-10,55,35
-10,51,37
-11,54,36
-10,57,34
-11,56,38
-10,53,34
-10,53,30
-14,55,19
-16,59,19
-21,61,7
-13,64,-5
-12,64,-8
-14,64,-16
-12,68,-14
-7,67,-11
-9,70,-14
-11,69,-3
-11,68,-2
-20,61,7
-14,57,27
-7,57,23
-16,53,30
-11,52,29
-8,48,32
-4,51,35
-6,49,38
-5,48,36
-9,50,38
-10,48,37
-8,53,38
-9,57,37
-6,55,33
-4,52,36
-5,53,38
-6,55,38
-6,53,36
-8,50,37
-7,49,40
-7,50,40
-7,53,40
-7,50,38
-8,54,37
-7,56,33
-5,56,35
-8,54,33
-7,56,39
-6,54,35
-6,53,35
-8,51,36
-7,53,36
-7,53,37
-5,55,37
-6,53,34
-6,54,35
-6,53,35
-5,55,32
-5,54,32
-6,55,34
-7,54,33
-7,56,34
-9,55,33
-8,55,34
-8,56,33
-9,55,31
-8,56,34
-7,54,34
-6,55,37
-7,53,37
-7,54,38
-6,52,35
-4,55,39
-4,55,35
-3,55,34
-4,55,33
-5,54,32
-5,56,35
-5,54,34
-4,53,35
-6,53,35
-6,55,35
-6,54,35
-6,52,36
-5,53,37
-5,52,38
-5,53,38
-6,50,38
-4,53,37
-2,52,35
0,54,36
-2,55,36
-3,53,35
-5,54,33
-5,54,36
-5,53,37
-5,52,38
-5,51,39
-4,52,39
-3,52,38
-3,53,39
-4,52,37
-4,53,35
-2,53,35
-1,54,35
-2,53,35
-1,54,36
-1,53,37
0,54,38
-1,53,37
-1,53,35
-4,54,36
-4,54,36
-4,54,36
-3,54,37
-1,54,37
-1,54,36
0,54,34
-2,56,35
0,56,38
-1,54,36
-1,54,36
-1,53,37
0,51,36
1,53,37
1,53,36
1,55,35
1,54,35
2,55,35
3,55,32
3,53,30
2,55,34
0,56,35
-3,56,34
-4,55,36
-8,56,34
-10,56,34
-11,55,33
-11,53,34
-10,52,35
-15,52,39
-16,52,37
-17,51,36
-18,50,37
-20,56,35
-19,54,39
-15,65,25
-19,73,22
-9,52,41
-5,57,14
-5,62,15
-5,70,23
-1,61,23
5,55,17
4,48,16
-7,48,1
-7,61,-37
-9,52,-37
-4,42,-46
0,37,-54
14,36,-66
7,22,-71
-8,42,-45
-21,67,-43
-35,108,-42
28,28,-124
-6,29,-62
-16,31,-64
-11,26,-57
-15,34,-58
-14,34,-55
-16,35,-55
-16,33,-55
-18,35,-52
-18,34,-55
-21,39,-55
-20,39,-54
-19,36,-50
-23,41,-48
-28,39,-49
-23,37,-45
-19,20,-41
-23,27,-38
-24,55,-37
-21,30,-60
-28,38,-63
-21,34,-60
-27,29,-57
-27,30,-56
-30,24,-52
-25,22,-42
-26,15,-42
-29,42,-37
-26,29,-54
-32,21,-66
-30,31,-61
-32,23,-60
-31,24,-53
-30,22,-54
-28,26,-47
-24,16,-43
-26,18,-43
-26,43,-32
-27,21,-72
-33,29,-61
-32,30,-62
-34,28,-56
-29,26,-50
-32,23,-50
-32,25,-47
-27,31,-45
-15,19,-50
-18,34,-44
-10,36,-48
-12,40,-66
-17,67,-46
-21,57,-27
-16,63,-22
-6,67,-14
-10,65,0
-11,74,3
-18,85,9
-22,66,26
-34,66,68
1,33,0
-5,32,16
2,59,-33
6,35,1
12,29,-50
17,37,-66
4,20,-74
-1,33,-70
3,71,-55
9,45,-76
-11,40,-19
2,64,-14
10,69,-26
6,70,-21
13,71,-14
-8,60,6
-13,91,-3
-17,79,3
14,76,25
-1,26,23
0,47,-21
-1,35,-2
-1,54,-26
17,118,-42
-3,42,-39
6,23,-66
-1,47,-55
4,69,-60
-4,26,-48
10,54,-67
12,57,-50
-8,48,-33
1,55,-53
-9,52,-39
-1,56,-54
-5,74,-58
-35,30,-28
-35,75,39
8,-23,-54
-10,14,-28
-2,28,-42
3,26,-54
6,33,-53
2,35,-61
-3,25,-57
5,25,-63
-4,66,-39
7,53,-77
6,52,-46
5,63,-41
8,72,-21
7,60,-23
7,77,-15
-10,49,-5
1,84,3
-25,98,-8
-26,79,12
-1,15,0
-12,11,7
-6,36,-1
-9,30,-19
1,58,-56
1,53,-16
9,30,-50
8,34,-64
3,64,-50
18,45,-75
17,53,-30
7,45,-29
12,58,-34
13,67,-32
12,64,-35
10,60,-11
2,58,-17
-11,86,-7
-20,48,-23
-21,56,43
-18,42,4
-2,24,17
-1,40,-13
-8,38,-17
14,88,-53
9,14,-55
9,35,-47
7,30,-80
3,68,-45
4,61,-59
14,44,-57
14,59,-37
8,56,-34
7,62,-20
11,72,-21
10,64,-12
0,82,-14
-15,76,1
-4,77,-16
-6,88,47
-21,26,17
1,26,6
-9,32,11
-11,37,-4
9,98,-26
13,55,-53
7,35,-46
6,47,-68
13,70,-53
11,34,-67
6,42,-36
18,63,-49
2,48,-33
7,59,-30
6,68,-18
0,69,-11
-2,67,-17
-3,73,-8
-13,67,-4
-8,65,-1
-14,69,10
-11,44,17
-10,46,30
-8,46,34
-7,51,28
-8,51,29
-7,50,32
-10,54,33
-20,54,36
-21,63,26
-20,66,25
-19,56,38
-9,53,35
-8,54,37
-9,54,37
-9,52,39
-7,52,40
-7,51,38
-8,53,34
-10,53,35
-9,55,40
-10,50,32
-15,50,27
-18,54,26
-20,55,22
-18,59,7
-24,58,8
-24,64,-5
-23,64,-1
-14,68,-5
-11,67,2
-9,66,11
-10,63,20
-11,55,27
-10,56,29
-5,60,33
-4,56,32
-3,53,34
-5,50,40
-5,49,39
-4,48,40
-3,49,42
-3,54,42
0,54,39
4,57,41
5,53,40
4,50,43
5,48,47
4,46,44
1,42,44
-3,46,44
-5,48,38
-4,51,38
-3,49,39
-2,49,40
-1,49,40
-1,51,43
0,52,43
2,51,42
3,50,47
3,45,46
2,47,48
5,49,48
1,47,45
-3,47,46
-7,47,43
-6,51,40
-6,50,38
-8,53,33
-7,56,34
-7,54,33
-6,56,33
-3,57,34
4,62,27
11,55,22
11,58,22
8,62,20
8,58,18
7,58,22
5,59,22
6,56,17
7,62,13
3,68,15
3,62,21
1,61,25
0,57,28
-1,59,32
3,60,21
-6,57,30
-5,60,24
-4,59,25
-3,59,26
-1,59,29
-2,64,23
-4,59,18
-7,56,20
-6,58,11
-2,59,3
-8,66,-32
-6,61,-31
-5,60,-28
-2,56,-27
-3,63,-33
-2,69,-27
-5,58,-25
-5,62,-32
-2,53,-23
-4,54,-25
-5,55,-33
-7,50,-36
-4,48,-22
-4,56,-30
-2,61,-29
-4,54,-27
-7,64,-26
-12,55,-6
-4,69,1
-5,71,3
-6,59,5
-10,64,6
-6,66,12
-10,70,17
-4,53,32
-1,46,40
0,49,35
-4,46,39
-8,46,40
-7,52,38
-7,50,39
-6,49,40
-7,48,42
-7,50,40
-5,53,40
-6,52,41
-5,53,38
-4,55,37
-3,53,38
1,54,38
2,54,38
2,50,41
7,47,40
5,50,42
1,52,41
0,51,41
0,50,40
-2,48,37
-1,51,37
1,51,38
-1,51,40
-4,53,39
-5,52,40
-4,50,40
-4,50,44
-4,50,41
-7,50,40
-7,49,40
-6,51,39
-6,53,38
-5,50,39
-7,56,32
-8,55,37
-4,52,36
-4,53,37
-5,54,36
-4,54,36
-4,54,35
-2,56,34
-3,55,35
-3,56,37
-2,53,37
-1,50,37
-2,51,39
-2,52,37
-4,53,36
-5,54,35
-5,54,34
-4,54,35
-3,55,35
-3,55,40
3,52,33
2,53,34
-2,56,37
0,54,33
-5,55,35
-8,55,36
-10,53,38
-12,52,36
-15,53,33
-19,54,30
-21,59,30
-24,52,29
-24,49,31
-23,55,28
-24,51,40
-23,52,39
-14,53,34
-12,50,36
-12,51,37
-12,51,39
-12,50,43
-12,50,44
-8,50,41
-6,47,40
-10,46,41
-9,50,43
-5,49,39
-3,48,42
-4,47,42
-4,47,43
-2,48,40
1,48,42
-2,50,45
-1,48,48
2,46,49
5,42,48
7,46,48
4,47,40
4,50,39
2,52,38
4,55,37
4,53,38
5,57,33
5,55,37
-1,47,42
-18,56,39
-18,71,12
-16,64,24
-12,60,25
-9,59,27
-6,57,26
-9,53,20
-7,51,12
-1,41,14
-1,52,0
-5,53,-3
-8,43,-26
1,46,-43
-8,36,-55
5,30,-59
-3,28,-65
1,67,-60
-17,111,-60
-12,114,-43
-15,-19,-31
-11,3,-64
-8,29,-56
-13,28,-56
-15,25,-56
-16,28,-60
-19,31,-57
-22,30,-59
-20,31,-55
-21,27,-54
-23,32,-58
-25,31,-57
-24,28,-55
-25,28,-50
-26,32,-53
-23,20,-41
-24,26,-37
-19,51,-29
-24,20,-77
-26,30,-66
-23,25,-64
-24,26,-59
-26,26,-60
-26,27,-56
-25,27,-51
-23,19,-47
-20,21,-39
-25,49,-30
-27,22,-70
-28,28,-68
-29,30,-62
-25,22,-55
-29,20,-52
-31,22,-54
-32,25,-47
-27,18,-38
-27,23,-38
-32,53,-29
-29,22,-59
-30,20,-63
-31,21,-63
-32,21,-57
-33,20,-54
-30,21,-42
0,78,-119
-17,16,-60
-16,35,-50
-4,60,-62
-6,50,-54
-4,69,-22
-6,64,-30
1,63,-32
-13,62,-3
-12,67,-8
-8,92,0
-15,102,14
-9,69,6
-2,48,49
-11,24,11
-3,44,-12
0,36,0
-10,35,-15
-12,5,-27
3,42,-50
0,26,-63
5,79,-84
-6,62,-63
12,43,-58
-7,63,1
7,63,-36
16,67,-30
13,71,-11
10,62,-20
1,96,8
-15,77,-2
-8,100,37
8,9,-39
-18,15,7
3,49,-11
-1,25,-15
-11,72,-40
-5,33,0
14,29,-59
6,29,-64
4,90,-59
13,11,-101
6,45,-39
13,61,-72
-7,42,-35
4,61,-39
0,58,-39
-5,51,-30
-5,86,-39
-13,73,-13
-11,80,4
-3,40,-24
2,30,-31
-6,35,-43
3,54,-55
5,37,-21
-3,34,-38
4,33,-35
8,52,-71
4,64,-41
8,48,-61
10,42,-40
3,59,-32
4,63,-29
10,66,-14
12,70,-12
12,70,-26
-5,76,-2
-26,83,10
-8,60,-2
-8,45,27
-14,9,18
-10,30,3
2,43,-22
5,50,-36
-4,51,-49
3,31,-59
5,37,-78
3,67,-61
13,61,-68
6,32,-46
-7,47,-42
9,66,-28
6,56,-19
13,68,-31
7,64,-3
-10,80,5
-14,82,-2
-11,79,-9
-14,72,42
-7,41,26
6,49,-13
-14,28,7
-1,79,-29
18,25,-9
-11,58,-1
6,43,-71
2,43,-61
4,75,-55
14,24,-81
7,22,-62
-14,53,-34
-3,41,-53
2,52,-65
-5,47,-55
-6,49,-48
0,82,-72
-3,52,-55
16,87,-57
19,46,-35
-2,15,-37
-3,14,-55
-6,13,-48
8,21,-58
6,26,-49
3,12,-59
10,37,-83
1,74,-61
0,32,-70
13,46,-39
11,47,-58
-1,56,-43
3,68,-39
7,71,-32
2,58,-19
11,79,-26
6,61,-22
-14,57,10
1,75,-3
-4,71,0
-6,53,10
-9,50,23
-7,43,24
-6,46,30
-4,49,23
1,58,26
-4,63,23
-1,52,18
2,76,2
8,63,11
8,72,9
7,55,27
5,49,35
7,53,36
6,50,39
5,48,38
3,49,43
3,51,41
1,48,43
0,47,39
0,52,37
1,51,35
3,51,36
5,52,25
14,55,24
8,61,17
6,63,6
6,63,1
1,67,0
-2,71,-7
-2,65,2
-8,67,-1
-11,68,4
-4,66,9
-5,60,29
-8,57,28
-9,58,30
-7,53,32
-7,53,36
-4,52,37
-2,51,39
-2,54,39
-5,54,39
-2,55,37
-1,50,38
-6,52,34
-9,54,33
-8,56,33
-8,55,37
-6,55,33
-6,56,32
-5,58,36
-2,56,39
-2,52,33
-5,53,32
-2,58,36
-4,56,32
-10,59,30
-15,54,37
-8,47,38
-7,45,39
-1,52,40
-3,45,37
-3,53,36
-5,50,38
-7,51,40
-8,53,42
-10,47,40
-10,54,43
-11,52,41
-10,49,35
-10,48,41
-8,54,31
-7,52,35
-6,49,40
-5,55,35
-8,49,38
-9,53,38
-9,53,35
-9,60,21
-11,68,19
-11,61,21
-10,66,12
-6,62,11
-6,64,5
-12,61,15
-11,64,11
-13,61,11
-8,61,23
-7,60,26
-4,54,28
-4,56,33
-2,60,30
-4,58,30
-7,56,34
-5,58,28
-3,57,32
-6,57,27
-2,56,31
-3,54,31
-3,56,34
-5,56,32
-4,55,36
-3,58,32
-5,57,31
-6,58,32
-9,57,32
-8,56,32
-8,57,31
-9,57,33
-9,58,31
-10,55,31
-11,55,32
-9,56,32
-6,55,32
-5,57,31
-4,58,33
-7,57,30
-8,56,30
-9,58,28
-11,57,28
-10,55,31
-11,55,33
-9,57,34
-11,55,34
-11,53,33
-11,55,33
-11,55,34
-10,55,33
-10,53,32
-11,55,32
-11,55,33
-9,56,32
-8,54,30
-8,52,33
-10,55,33
-11,54,34
-11,55,36
-12,56,33
-10,53,34
-10,57,34
-8,54,36
-6,56,35
-7,56,35
-7,54,33
-5,52,34
-4,55,33
-6,55,32
-6,57,32
-6,57,32
-6,56,32
-6,56,32
-6,55,31
-5,58,32
-6,56,30
-6,57,33
-6,57,31
-4,56,30
-3,57,31
-5,58,31
-3,58,29
-1,56,32
-1,54,34
-2,52,36
-3,53,37
-6,50,38
-7,51,40
-7,49,40
-6,51,40
-8,51,39
-8,52,42
-9,50,41
-6,50,42
-5,49,40
-7,48,40
-8,52,40
-9,55,40
-9,53,37
-9,53,36
-7,55,34
-5,53,32
-3,54,33
-2,56,32
-2,56,30
-2,58,30
-2,56,32
-2,57,33
-3,54,33
-4,55,33
-4,55,33
-4,56,35
-6,57,35
-5,54,34
-6,54,35
-3,54,36
-2,53,33
-1,54,35
-2,57,35
-2,56,33
-3,57,32
-4,56,32
-2,55,34
-2,55,35
-2,55,38
-2,53,37
-1,53,38
-3,53,37
-3,52,37
-3,53,39
-2,51,38
-3,52,36
-3,54,35
-2,54,36
-2,53,36
-1,54,38
-1,53,38
0,53,37
-3,54,36
-4,54,38
-3,52,36
-7,55,37
-5,53,38
-5,52,33
-5,54,32
-9,53,35
-18,50,31
-17,52,42
-12,54,35
-9,54,32
-8,58,38
-12,51,34
-30,55,26
-29,68,31
-19,62,23
-12,55,32
-10,48,31
-10,47,20
-1,44,14
2,47,19
-1,59,3
-4,52,-14
0,41,-40
7,45,-47
6,28,-41
12,23,-61
-3,48,-50
-3,90,-119
-32,88,-24
5,-86,-125
-11,14,-18
-22,16,-58
-17,31,-55
-13,37,-52
-16,32,-49
-16,35,-55
-15,37,-55
-15,39,-54
-18,40,-50
-18,41,-53
-18,40,-49
-21,36,-50
-24,36,-53
-26,33,-54
-27,36,-48
-26,23,-47
-19,21,-32
-23,61,-28
-30,6,-73
-27,29,-64
-24,32,-59
-25,22,-59
-29,26,-52
-29,23,-57
-28,28,-47
-21,19,-41
-24,21,-43
-23,49,-27
-26,27,-73
-27,27,-64
-27,29,-65
-23,25,-59
-26,28,-55
-24,23,-50
-23,21,-48
-26,14,-46
-25,46,-40
-22,38,-51
-25,30,-66
-26,35,-62
-26,28,-55
-22,27,-52
-20,25,-54
-14,24,-48
-13,9,-69
-10,26,-57
-6,62,-25
-2,30,-82
2,52,-36
4,71,-25
2,56,-31
2,68,-21
6,62,-6
-3,66,-5
-4,90,-5
-20,73,24
3,94,34
7,32,-11
7,23,-7
-4,35,6
-2,41,-6
4,52,-35
-6,17,-40
6,32,-54
-1,30,-66
-1,61,-57
9,50,-90
4,49,-33
11,57,-34
14,60,-34
17,71,-19
7,65,-26
2,52,-15
-6,91,-11
-27,69,-10
4,95,27
2,14,-83
0,9,24
-6,41,-5
-5,44,-26
4,43,-14
-7,55,-35
14,27,-58
5,30,-65
-1,76,-46
14,58,-71
-3,33,-50
3,53,-65
5,47,-57
-1,48,-50
6,56,-51
0,44,-54
-1,73,-44
-3,71,-74
-14,43,-21
-35,9,24
-2,9,-55
0,25,-37
-4,24,-56
-10,24,-41
4,31,-41
6,31,-40
3,19,-43
0,63,-59
2,68,-39
11,52,-55
0,49,-35
15,71,-23
15,65,-30
8,61,-16
11,61,-17
9,72,-12
-7,81,-6
-15,99,6
-3,86,15
-8,-3,4
-2,19,-11
1,55,-16
0,33,-14
1,38,-26
14,34,-56
12,28,-64
6,38,-72
7,76,-64
8,45,-74
22,51,-65
6,61,-46
11,58,-27
8,61,-28
17,77,-31
4,65,-3
-8,61,15
-10,95,8
-44,40,62
1,90,25
-1,24,-1
-11,26,18
0,65,-26
3,26,5
5,44,-31
21,29,-53
16,30,-66
1,40,-71
2,84,-58
3,25,-49
9,35,-53
-2,55,-24
13,61,-34
7,57,-24
9,62,-26
9,60,-19
-3,52,1
-9,85,-5
3,78,-8
-12,74,24
5,31,-7
-3,23,8
-3,57,-10
-4,32,6
-2,35,-12
-4,11,-12
14,45,-62
13,38,-67
8,51,-44
17,50,-88
9,35,-49
10,47,-53
10,64,-33
9,66,-25
8,73,-19
2,68,-21
3,73,-10
-7,78,-11
-12,83,-21
-16,63,12
-10,63,16
-10,49,24
-7,44,27
-6,49,34
-8,49,35
-8,47,34
-10,58,24
-8,63,28
2,64,29
3,54,28
8,75,12
4,56,28
1,54,32
-1,53,34
-1,50,35
3,54,33
4,54,34
5,56,33
1,50,37
1,50,33
-1,56,34
-5,56,35
-4,53,40
-5,52,31
-8,58,21
-13,66,14
-15,65,15
-17,61,22
-20,62,18
-23,69,20
-19,58,26
-10,56,30
-8,56,30
-5,54,27
-7,51,38
-4,52,40
-4,51,38
-6,54,37
-7,47,47
-3,48,43
-2,50,40
-4,50,41
-6,49,44
-4,49,41
-5,49,40
-6,53,37
-7,56,37
-10,52,39
-10,50,39
-6,48,36
-4,48,39
-4,53,37
-3,52,39
-1,49,39
1,50,42
3,51,42
9,49,44
4,51,35
2,54,39
4,54,36
1,53,38
0,53,44
2,51,42
0,51,45
1,47,42
3,54,44
2,52,42
1,47,39
0,46,42
-2,48,45
-2,46,44
-2,49,43
-4,47,42
-4,46,41
-6,52,38
-8,50,41
-9,50,41
-11,54,39
-11,51,41
-10,51,37
-11,48,38
-9,51,38
-10,50,40
-10,50,40
-11,49,38
-11,49,36
-12,53,41
-14,48,42
-12,52,43
-12,51,38
-11,50,40
-10,51,38
-7,54,39
-6,53,38
-6,52,37
-7,53,41
-8,51,40
-9,48,42
-9,53,35
-10,54,35
-10,52,36
-10,51,36
-9,52,38
-9,52,39
-8,51,39
-7,51,39
-6,52,40
-4,52,41
-6,49,41
-6,50,43
-8,50,42
-7,48,38
-10,51,39
-10,50,40
-10,50,40
-5,51,36
-5,53,36
-6,53,36
-1,55,31
-1,56,33
-3,55,35
-2,57,36
-3,55,36
-5,55,38
-5,53,36
-5,55,39
-4,55,36
-3,53,38
-5,53,38
-4,54,34
-4,54,33
-5,53,31
-5,54,33
-4,54,32
-4,55,34
-4,54,35
-3,54,34
-5,55,34
-5,56,33
-3,58,34
-2,54,33
-3,54,36
-3,55,36
-3,55,35
-7,55,35
-7,53,38
-8,50,40
-6,51,39
-8,50,37
-8,51,35
-10,53,36
-10,52,35
-10,53,36
-8,52,35
-7,52,37
-7,52,37
-8,53,38
-9,53,38
-9,54,37
-10,54,38
-10,55,40
-11,53,36
-11,50,38
-11,50,38
-12,50,38
-13,52,38
-12,51,35
-12,54,34
-12,52,34
-12,54,34
-11,54,33
-11,54,34
-11,53,35
-10,54,34
-12,54,35
-12,53,35
-12,53,37
-11,51,36
-11,51,38
-13,50,38
-12,51,39
-12,51,38
-13,52,39
-12,50,39
-13,52,39
-11,53,36
-11,50,38
-11,50,39
-11,50,38
-11,50,36
-13,51,38
-11,53,35
-10,54,36
-10,52,37
-9,52,38
-7,53,37
-5,52,37
-5,53,37
-6,54,36
-7,56,36
-7,55,37
-5,56,37
-6,55,36
-5,54,35
-7,51,37
-11,55,37
-9,52,32
-5,48,38
-4,46,37
-2,46,40
-5,48,44
-3,47,42
-2,48,43
2,48,40
4,50,38
4,53,38
5,53,39
7,53,34
8,52,35
11,55,37
15,53,38
12,54,36
7,53,34
6,56,34
5,57,30
1,59,29
0,62,28
1,59,31
4,60,26
3,59,35
9,57,29
1,52,39
1,56,38
0,48,45
-13,57,25
-16,71,12
-10,68,26
-4,54,28
-3,50,24
0,49,21
1,46,19
1,44,11
-3,60,4
0,51,-23
2,52,-28
4,63,-46
10,40,-67
-3,54,-45
-12,67,-45
-30,104,-40
-54,79,19
11,46,-70
-5,34,-62
-9,29,-62
-11,37,-52
-19,35,-54
-17,36,-48
-21,38,-51
-24,38,-52
-24,39,-52
-27,37,-49
-27,37,-55
-29,38,-49
-30,33,-46
-27,25,-42
-27,17,-31
-22,61,-24
-22,15,-68
-31,27,-74
-30,36,-65
-28,30,-53
-26,34,-55
-30,29,-53
-29,27,-45
-22,16,-39
-26,30,-40
-25,53,-21
-22,27,-66
-32,29,-68
-28,35,-64
-27,30,-58
-26,28,-54
-29,31,-51
-26,21,-42
-25,17,-42
-30,44,-29
-34,40,-52
-34,37,-64
-31,44,-54
-25,33,-53
-29,31,-49
-29,33,-49
-26,30,-41
-20,39,-55
-10,36,-58
-1,58,-50
-16,25,-68
-8,55,-37
10,76,-28
6,74,-21
8,70,-5
2,67,-7
-6,72,-1
-9,85,16
-18,87,22
-22,61,25
5,40,28
-8,29,4
-3,53,-6
-4,27,-5
-1,36,-40
-3,49,-70
14,34,-59
7,38,-67
1,84,-69
7,49,-70
-2,44,-40
2,71,-39
6,67,-29
11,73,-12
13,69,-8
0,70,-10
-17,87,3
-6,80,5
-7,98,52
-5,35,20
-2,40,-19
-2,40,-4
12,50,-30
5,75,-46
12,50,-52
3,16,-46
3,43,-61
-7,56,-50
2,32,-46
6,35,-56
0,61,-37
1,62,-17
12,67,-38
7,65,-15
7,62,-15
-4,86,12
-22,96,14
-14,71,34
-12,33,17
-16,13,20
-1,44,-15
-4,30,-5
3,66,-55
10,57,-38
13,41,-48
5,15,-55
11,58,-60
1,63,-43
6,39,-41
8,60,-64
8,66,-44
4,58,-33
5,65,-23
-7,52,-14
1,106,-6
-23,68,4
-38,61,53
6,42,-47
-4,30,-30
1,45,-43
-1,28,-38
-1,35,-49
7,38,-37
9,34,-47
13,42,-77
11,52,-56
11,84,-41
3,43,-39
6,65,-25
3,61,-32
7,65,-31
7,63,-19
3,65,-14
11,77,-31
-7,81,-2
-27,66,32
-17,89,44
-17,34,-2
-1,34,4
-15,23,20
-2,69,-37
23,36,-3
-1,56,-19
1,52,-71
12,43,-75
11,79,-46
15,30,-72
3,25,-51
8,64,-40
13,68,-21
9,67,-14
8,68,6
1,46,2
1,99,8
-14,72,2
-14,57,41
-8,37,7
-8,19,13
-11,44,-2
3,53,-13
5,18,1
11,44,-22
1,37,-53
6,21,-59
8,37,-78
7,49,-61
24,48,-70
9,34,-54
4,38,-46
5,46,-38
5,53,-43
5,60,-29
6,65,-35
1,62,-27
0,64,-18
-3,65,-12
-5,67,-2
-5,68,5
-8,62,10
-16,50,24
-12,52,15
-9,49,26
-9,50,34
-7,49,33
-7,49,36
-5,51,37
-9,57,35
-4,55,31
-1,59,38
3,53,26
15,69,6
9,57,29
10,53,24
6,57,33
6,54,28
3,56,28
1,57,29
-4,57,24
-6,58,24
-10,57,26
-19,59,28
-20,63,21
-16,64,18
-8,62,17
-3,54,30
-3,47,35
-3,54,34
-3,56,31
-3,58,34
-7,56,32
-7,57,30
-6,55,31
-4,53,35
-6,56,39
-5,53,39
-8,46,41
-6,47,45
-9,46,44
-6,46,43
-8,46,44
-8,47,43
-7,46,44
-6,48,41
-9,50,37
-7,52,37
-7,49,31
-6,57,30
-6,60,27
-6,56,32
-9,55,30
-10,58,25
-9,58,34
-8,56,34
-11,55,34
-11,54,27
-13,55,28
-12,52,34
-7,49,34
-1,50,35
-2,50,32
-16,56,30
-20,53,29
-22,54,33
-18,63,30
-9,56,35
-7,54,28
-5,55,27
-2,56,32
1,55,33
2,56,32
2,54,33
3,56,32
1,58,28
-1,55,34
-2,55,33
-3,56,33
-1,56,37
-2,55,37
-3,54,35
-4,54,36
-4,52,38
-3,53,38
-3,51,38
0,53,39
-1,53,37
-1,52,36
-2,54,35
-3,55,34
-2,55,35
-3,54,33
-5,55,35
-7,56,36
-7,54,35
-7,56,36
-6,54,37
-5,51,35
-4,50,36
-3,56,40
-1,52,36
1,52,37
-1,52,36
-2,54,34
-3,55,36
-3,54,34
-3,54,35
-3,55,35
-4,53,35
-4,52,36
-5,53,38
-5,53,39
-6,54,37
-5,55,36
-3,53,37
-3,54,37
-2,55,34
-4,54,39
-2,50,40
-1,50,39
-1,51,41
-2,50,41
-2,49,41
-3,50,41
-4,49,41
-4,51,41
-6,50,42
-5,49,40
-5,52,39
-5,50,38
-5,52,40
-5,51,39
-3,51,40
-4,49,40
-5,52,41
-5,50,40
-4,51,40
-5,50,40
-5,51,39
-5,53,38
-5,51,36
-4,55,38
-6,55,36
-6,54,35
-7,55,35
-9,55,34
-7,55,34
-8,55,33
-7,55,37
-8,53,37
-3,50,38
-1,51,38
-2,52,38
-2,52,40
-2,53,37
-2,54,35
-3,53,34
-2,56,36
-1,53,33
0,55,35
0,55,35
0,55,34
-3,54,34
-4,54,35
-3,54,36
-2,54,36
-1,55,38
-2,53,36
-1,54,36
0,53,36
2,50,34
1,51,34
-1,47,35
-7,49,38
-3,52,39
-13,49,38
-22,53,42
-20,56,38
-8,55,34
-7,57,30
-5,61,27
-14,68,21
-22,64,21
-16,65,14
-9,61,23
5,53,24
7,50,22
-5,45,23
0,48,5
-4,53,-3
-8,47,-22
-10,36,-33
13,26,-67
-3,37,-48
-1,34,-47
-17,55,-35
3,124,-71
-56,80,-31
-7,9,-62
-9,25,-73
-11,21,-44
-8,34,-54
-10,35,-53
-12,37,-50
-11,37,-52
-13,39,-51
-13,35,-50
-16,41,-52
-16,42,-54
-15,43,-52
-18,43,-54
-20,39,-53
-22,36,-46
-20,35,-42
-20,24,-38
-22,45,-35
-21,52,-49
-26,35,-66
-27,42,-57
-25,33,-53
-27,32,-53
-26,29,-56
-27,29,-48
-24,25,-44
-24,13,-41
-25,55,-28
-25,17,-74
-25,32,-64
-28,35,-57
-25,29,-55
-24,31,-52
-24,28,-51
-24,22,-48
-18,23,-43
-8,59,-44
-11,30,-91
-9,37,-37
-12,52,-24
-2,69,-25
-1,59,-23
2,67,-19
-3,67,-11
2,96,-23
-18,88,9
-29,63,54
-29,24,66
-2,35,-11
-10,35,10
-4,55,-14
3,42,-5
15,76,-25
5,48,-66
3,20,-68
7,63,-54
12,49,-74
14,37,-73
-1,57,-42
1,59,-16
9,64,-34
9,72,-23
1,55,-6
-2,73,-1
-29,75,8
-39,63,38
-24,-11,26
-11,15,15
-7,50,-22
-2,43,-12
-3,39,-9
3,44,-22
11,37,-61
9,34,-73
15,73,-51
11,69,-55
12,25,-67
11,45,-64
1,40,-57
2,45,-52
-1,50,-65
-5,39,-48
2,86,-55
3,79,-76
-16,66,-44
33,28,-87
17,19,-28
-7,21,-53
-3,16,-55
4,27,-51
-1,17,-54
-2,18,-49
8,21,-75
2,83,-61
2,47,-73
7,37,-37
7,68,-28
5,60,-32
9,57,-28
8,71,-9
8,57,-2
-6,83,13
-18,95,5
-10,78,29
-10,9,4
0,11,-2
-8,41,-7
-2,33,-7
9,46,-38
-16,59,26
16,38,-86
7,24,-58
17,74,-55
2,37,-87
14,49,-61
18,60,-42
20,76,-32
13,52,-28
9,63,-21
9,64,-15
7,62,-2
-5,88,3
-9,97,-25
-19,89,33
-12,12,37
1,39,-10
-1,50,7
-4,34,-4
6,52,-49
9,38,-27
7,30,-50
4,15,-81
5,61,-61
9,36,-72
2,45,-56
0,27,-37
7,63,-31
15,70,-39
5,63,-16
12,68,-23
7,55,-2
0,90,-3
-20,81,4
9,114,-7
-20,40,19
-22,2,30
1,46,-6
-3,42,-5
-3,44,-32
8,62,-26
6,50,-58
12,35,-78
10,30,-74
1,54,-57
-11,1,-60
5,9,-72
3,28,-44
5,46,-53
5,43,-61
4,50,-58
2,49,-50
6,59,-47
2,60,-32
4,60,-29
3,61,-15
2,63,-14
2,65,-9
2,67,-3
-3,58,4
-6,66,12
-8,61,23
-13,48,26
-15,44,39
-10,42,29
-5,48,32
-6,47,39
-7,49,34
-10,52,33
-10,53,29
-12,60,29
-13,55,30
-17,60,18
-17,61,12
-15,64,-2
-20,55,-6
-17,60,-13
-21,62,-22
-27,59,-20
-25,57,-16
-20,60,-21
-19,58,-18
-23,56,-16
-21,65,-24
-20,64,-9
-16,64,-4
-13,64,10
-10,64,16
-7,60,18
-6,56,22
-4,54,25
-3,52,29
-4,56,29
-5,55,32
-3,56,31
-4,58,35
-4,58,34
-4,55,39
-1,55,36
3,56,34
4,53,34
2,50,35
4,50,39
6,51,33
7,53,36
11,49,30
6,57,33
4,59,32
7,59,25
4,58,28
5,55,29
1,59,17
-3,64,20
-3,60,23
-8,49,33
-16,54,34
-10,59,35
-9,57,40
-9,55,34
-11,55,37
-7,54,33
-4,53,29
-9,48,34
-8,59,31
-10,57,30
-9,60,28
-4,54,28
-3,60,31
-3,60,29
-7,60,26
-6,60,29
-8,55,27
-6,59,22
-10,59,22
-10,62,18
-12,59,20
-15,62,19
-14,60,19
-18,59,20
-13,62,16
-10,59,20
-10,60,20
-10,61,19
-9,61,21
-9,60,22
-11,59,23
-14,59,23
-14,59,25
-14,59,23
-13,59,20
-13,60,21
-13,60,19
-13,62,18
-14,60,16
-14,62,18
-14,61,21
-13,60,23
-15,60,23
-16,57,21
-17,58,21
-19,61,22
-19,59,25
-26,58,27
-24,61,29
-21,58,32
-16,55,28
-14,54,28
-3,51,27
-1,61,37
-32,78,36
-5,53,-2
-7,69,4
27,86,-6
8,60,-4
-1,57,-3
0,66,-3
-6,63,6
4,58,-9
-37,70,22
2,73,-8
-2,66,0
-10,64,3
-6,63,18
-30,62,19
-8,67,-13
-16,64,-1
4,81,-18
-4,73,10
-18,44,-5
-11,56,21
-49,34,18
-16,28,22
-25,49,60
-2,46,40
-39,30,40
-98,47,-39
-24,61,36
-23,58,-14
47,-53,39
8,52,15
69,70,38
33,39,-7
47,38,-15
48,62,-24
13,95,-23
-16,48,-25
13,77,-38
-9,49,-42
-6,46,-50
-19,38,-50
-7,67,-8
-102,30,36
9,46,-68
-9,21,-53
-23,24,-65
-11,16,-46
-12,35,-50
-22,21,-54
-22,30,-52
-23,31,-52
-19,30,-54
-18,29,-53
-22,29,-53
-22,29,-50
-20,29,-51
-21,30,-56
-26,28,-53
-20,26,-52
-27,12,-58
-29,18,-65
-15,27,-29
-3,47,-46
3,24,-47
20,49,-67
7,63,-56
-20,42,-23
21,76,-11
16,54,14
8,51,30
43,47,-20
3,45,-12
-15,84,7
25,51,-15
11,59,-30
12,58,-19
6,62,-24
9,48,-15
2,58,-29
8,54,-25
4,66,-20
2,56,-28
2,56,-31
0,56,-35
8,56,-26
12,54,-33
4,68,-41
11,54,-25
13,58,-27
9,56,-32
9,56,-27
16,49,-36
22,53,-32
24,49,-32
