-34,33,84
-52,17,90
-25,8,76
-58,17,45
-103,19,16
-65,32,3
-88,17,-22
-46,-3,-22
-56,1,-6
-84,8,-6
-73,25,-28
-77,12,-11
-76,-14,2
-81,-13,13
-72,0,13
-44,-8,13
-38,-3,12
-21,-44,35
-27,-35,18
-20,-38,27
-32,-53,50
-52,-37,21
-50,-51,8
-64,-57,14
-71,-38,16
-69,-59,54
-65,-48,39
-36,-51,28
-17,-49,27
-30,-38,19
-34,-41,31
-34,-44,58
-52,-39,15
-48,-30,25
-50,-37,21
-48,-30,19
-56,-31,31
-60,-55,44
-52,-31,25
-48,-38,31
-37,-41,17
-35,-31,23
-40,-28,31
-51,-47,32
-49,-14,33
-47,-16,24
-60,-22,15
-61,-21,20
-63,-25,22
-55,-36,12
-62,-30,28
-44,-22,23
-43,-14,22
-55,-18,10
-56,-25,9
-59,-33,15
-51,-37,32
-63,-34,40
-60,-12,41
-38,-30,25
-43,-27,26
-53,-28,26
-51,-34,36
-46,-36,22
-43,-50,37
-55,-33,34
-52,-31,26
-53,-25,19
-57,-22,15
-59,-20,16
-54,-2,20
-59,1,24
-51,-9,27
-37,-2,14
-51,-9,9
-32,1,53
-20,4,52
-43,4,74
-47,-3,30
-57,-14,33
-6,-30,43
-38,10,37
-8,-1,54
-15,-18,61
-8,-17,58
3,-18,54
-6,-14,39
-1,-21,54
-8,-18,75
-21,-24,78
-9,-24,59
-12,-44,61
-11,-32,53
6,-32,48
5,-31,56
5,-33,56
-3,-34,54
-9,-39,55
16,-35,56
-15,-32,49
-15,-35,57
-15,-32,62
-2,-36,54
-4,-36,48
-7,-37,46
-17,-30,41
-82,-8,41
13,-35,47
-27,-24,52
-18,-24,60
-28,-23,55
-21,-25,52
-22,-27,52
-26,-28,52
-24,-29,50
-27,-34,39
-14,-31,51
-27,-21,57
-21,-27,55
-16,-36,47
-32,-36,44
-25,-35,46
-18,-31,47
-16,-35,47
-13,-27,53
-19,-22,66
-22,-25,56
-11,-34,56
-3,-34,47
-10,-33,50
-13,-31,52
-25,-25,52
-20,-26,53
-18,-30,53
-10,-30,51
-11,-28,55
-15,-27,56
-16,-29,51
-17,-32,54
-12,-32,51
-15,-34,50
-11,-33,51
-10,-32,49
-12,-30,55
-16,-27,54
-13,-27,55
-11,-29,52
-14,-27,56
-13,-28,55
-13,-29,54
-14,-27,53
-14,-25,53
-12,-25,56
-14,-25,55
-13,-25,56
-13,-26,54
-12,-25,56
-14,-25,55
-13,-26,56
-13,-26,53
-14,-26,55
-14,-23,57
-14,-23,57
-13,-24,56
-16,-23,57
-15,-25,55
-15,-25,55
-12,-27,54
-14,-25,54
-12,-24,57
-15,-23,55
-13,-23,57
-14,-25,55
-13,-24,55
-12,-25,56
-12,-24,55
-12,-24,56
-11,-25,56
-13,-25,57
-13,-24,56
-11,-24,56
-10,-23,56
-10,-26,60
-10,-23,58
-6,-33,53
-1,-28,51
-12,-28,57
1,-26,61
-14,-24,64
-21,-26,59
-14,-32,64
-3,-44,61
13,-47,41
4,-40,36
-12,-36,42
-6,-43,43
-16,-49,57
-9,-50,38
-16,-47,28
-23,-49,38
-19,-45,28
-27,-41,34
-11,-56,44
-6,-47,46
2,-52,38
6,-52,33
2,-49,38
-5,-46,47
3,-43,48
1,-48,49
11,-41,46
6,-44,42
-7,-47,41
0,-52,35
-2,-47,38
1,-41,46
10,-37,47
3,-37,49
-8,-37,57
0,-36,59
0,-43,44
6,-41,41
-10,-40,51
0,-40,55
-2,-41,51
1,-38,51
3,-40,47
5,-38,48
4,-37,48
-6,-36,51
-4,-36,51
-7,-37,51
5,-40,49
-16,-41,61
10,-40,42
2,-39,41
-7,-38,51
5,-44,46
-10,-53,38
17,-38,26
-9,-42,51
9,-43,51
10,-47,43
9,-49,39
14,-49,32
15,-47,38
11,-44,51
16,-44,52
12,-43,52
24,-55,52
19,-49,47
23,-42,47
26,-43,37
19,-42,24
6,-49,15
0,-57,49
22,-49,64
19,-38,64
9,-28,55
21,-30,55
15,-38,68
13,-43,63
8,-46,49
7,-43,34
-8,-39,31
-5,-41,46
17,-42,60
11,-33,66
10,-33,57
6,-32,54
9,-35,55
10,-41,51
4,-41,44
4,-40,41
-1,-39,45
3,-38,50
5,-38,53
6,-35,52
5,-36,53
8,-37,52
9,-37,50
3,-38,48
6,-39,47
5,-39,47
6,-38,48
7,-36,51
7,-35,53
3,-33,54
6,-26,70
14,-26,59
12,-22,64
14,-19,66
16,-14,53
9,-17,39
-9,-12,38
-61,-7,-3
-38,-7,-19
-70,-12,-36
-76,-3,-12
-37,0,2
-63,-23,8
-59,-20,17
-58,-30,10
-55,-41,6
-47,-45,10
-41,-43,18
-37,-46,44
-23,-53,27
-23,-41,32
-22,-42,34
-30,-41,35
-34,-48,41
-42,-35,38
-33,-33,36
-47,-28,23
-56,-27,21
-50,-25,16
-49,-27,22
-47,-30,21
-49,-23,27
-55,-21,29
-61,-26,18
-50,-32,17
-56,-31,16
-53,-31,21
-54,-28,17
-54,-30,14
-57,-26,11
-55,-28,13
-54,-26,16
-54,-26,20
-55,-24,16
-54,-26,15
-55,-24,18
-55,-24,18
-53,-26,17
-57,-23,18
-56,-23,18
-55,-23,20
-49,-25,21
-55,-24,18
-54,-25,19
-54,-26,23
-52,-23,21
-52,-26,18
-54,-26,20
-52,-26,20
-53,-26,20
-53,-24,22
-52,-26,22
-53,-24,22
-52,-25,21
-54,-24,20
-54,-23,20
-52,-25,19
-54,-24,19
-53,-26,18
-54,-26,18
-54,-25,19
-53,-25,19
-55,-24,19
-53,-25,18
-55,-24,17
-55,-25,18
-54,-25,18
-55,-26,18
-54,-25,19
-55,-25,19
-55,-25,19
-54,-26,19
-54,-26,18
-53,-26,19
-53,-26,18
-54,-27,18
-54,-26,18
-54,-25,18
-54,-25,18
-54,-25,18
-54,-25,19
-54,-25,19
-54,-26,18
-55,-25,19
-53,-26,19
-53,-26,18
-54,-26,18
-54,-26,19
-54,-26,20
-53,-26,19
-54,-26,18
-55,-24,18
-54,-26,18
-51,-30,19
-48,-30,17
-49,-26,18
-57,-26,26
-70,-33,11
-48,-38,12
-46,-34,8
-56,-32,12
-80,-8,-7
-55,-19,-6
-53,-51,9
-43,-77,-4
1,-26,0
-7,-16,-2
-18,-105,33
-45,-126,14
-51,-61,-3
-53,-10,-1
-43,-81,11
-27,-118,-3
-12,-68,9
-14,-37,19
-12,-59,22
-10,-57,22
-25,-26,46
-27,-64,28
-43,-71,16
-46,-47,24
-41,-49,21
-35,-58,22
-26,-74,29
-24,-50,21
-20,-46,24
-35,-41,13
-43,-38,8
-51,-44,8
-48,-48,8
-43,-53,18
-47,-51,14
-49,-29,0
-43,-38,-8
-32,-37,-5
-20,-25,-11
-22,-32,-24
-48,-64,-36
-64,-80,-50
-96,-52,-63
-49,-63,5
-41,-23,-52
-22,-48,-21
-43,-45,-24
-11,-43,14
-88,-12,-34
-68,-55,-32
-61,-12,-11
-43,-40,-39
-18,-24,-11
-69,-31,-49
-35,-32,-12
-52,-32,-27
-72,9,-40
-54,-25,-19
-49,-32,-17
-74,-36,-12
-14,-9,-9
-51,21,-27
-73,9,0
-46,5,16
-75,-17,-24
-69,-24,1
-48,-35,-2
-35,-37,-7
-50,-43,-7
-51,-44,-8
-52,-49,7
-46,-47,8
-46,-44,10
-43,-39,8
-44,-38,-2
-46,-40,7
-38,-40,2
-40,-39,-2
-46,-41,-7
-57,-48,-2
-44,-48,-6
-50,-52,-2
-43,-50,-3
-41,-49,-1
-43,-47,-6
-41,-47,-4
-44,-47,-3
-44,-47,-5
-48,-50,1
-45,-54,7
-38,-54,11
-48,-48,15
-41,-39,9
-39,-34,7
-52,-31,8
-53,-32,8
-45,-34,13
-42,-36,15
-50,-42,16
-54,-33,9
-51,-29,-3
-48,-29,-1
-51,-26,14
-59,-30,6
-56,-43,4
-61,-40,-4
-58,-26,6
-47,-39,18
-56,-22,6
-49,-23,14
-68,-24,12
-54,-24,18
-49,-27,18
-41,-31,27
-46,-42,23
-46,-33,22
-46,-33,24
-45,-27,19
-49,-37,18
-62,-41,22
-58,-42,28
-28,-43,9
-37,-41,16
-45,-60,33
-53,-29,14
-41,-34,22
-55,-40,19
-48,-30,22
-46,-46,20
-44,-44,17
-46,-37,18
-51,-37,21
-51,-36,23
-49,-40,22
-43,-49,19
-44,-44,11
-40,-49,15
-25,-44,8
-30,-43,14
-48,-51,25
-58,-50,11
-56,-43,14
-44,-59,10
-36,-38,-3
-46,-39,16
-53,-39,13
-44,-42,11
-39,-38,12
-46,-36,15
-49,-37,15
-52,-34,19
-53,-31,15
-46,-36,11
-47,-37,10
-49,-35,12
-56,-34,12
-52,-34,10
-53,-37,7
-51,-37,9
-52,-38,10
-52,-37,9
-45,-39,9
-46,-38,7
-52,-39,7
-54,-35,8
-54,-38,3
-73,-43,-6
-70,-30,-15
-39,-13,-5
-44,-11,-19
-46,-10,-21
-45,-8,-29
-56,-11,-18
-50,-24,6
-57,-29,5
-59,-34,8
-59,-33,-12
-72,-30,-7
-77,-16,-14
-64,-27,-6
-64,-45,3
-68,-35,-10
-52,-24,-25
-52,-26,-15
-55,-18,-24
-76,-9,-31
-95,-1,-49
-42,20,-52
-23,34,-23
-44,36,-49
-44,45,-39
-19,43,-23
-21,55,1
-27,37,29
-13,13,109
-16,20,30
-9,25,46
14,8,57
-13,22,10
-17,8,1
-57,-23,-46
-98,-41,-43
-82,-77,-35
-125,-43,-57
-77,-33,-14
-58,-30,-2
-61,-41,-19
-46,-55,-7
-44,-51,3
-46,-45,4
-38,-44,4
-36,-44,15
-46,-43,3
-59,-43,9
-70,-27,0
-64,-40,9
-50,-24,6
-58,-27,10
-56,-32,6
-58,-39,9
-52,-38,8
-39,-41,3
-37,-43,6
-46,-46,4
-55,-42,1
-54,-42,5
-55,-43,1
-52,-36,2
-58,-36,8
-55,-42,6
-49,-44,6
-39,-44,8
-46,-40,6
-51,-39,11
-52,-34,15
-48,-34,20
-47,-32,13
-61,-29,0
-53,-35,-11
-57,-23,-25
-59,-30,-24
-56,-24,-24
-48,-23,-20
-46,-20,-27
-46,-17,-27
-57,-24,-28
-55,-30,-22
-52,-33,-11
-38,-58,-7
-40,-40,0
-41,-44,1
-47,-51,5
-57,-45,-5
-58,-40,-3
-59,-24,-3
-53,-31,9
-57,-17,5
-54,-14,-4
-53,-3,2
-60,-10,-9
-59,0,-27
-61,13,-27
-68,7,-37
-62,5,-35
-53,9,-33
-39,8,-31
-33,1,-50
-29,8,-46
-18,1,-47
-16,5,-56
-22,8,-52
-38,6,-58
-38,20,-61
-34,13,-53
-48,2,-44
-52,-11,-37
-58,13,-15
-73,5,-13
-65,12,-10
-67,5,-12
-63,4,-15
-64,2,-10
-70,45,-26
-44,26,-8
-51,33,-33
-57,14,-39
-49,27,-47
-54,22,-48
-56,34,-43
-76,29,-47
-42,33,-42
-56,25,-37
-59,23,-30
-62,20,-22
-60,18,-21
-59,16,-6
-64,10,-9
-47,20,-15
-55,-1,-10
-71,6,-2
-,32,3
-95,24,-28
-37,19,13
-4,15,20
18,2,38
-6,-12,52
-45,12,41
14,-28,84
-19,-37,50
73,-2,18
-1,5,26
-8,24,-22
-48,-21,-45
-99,-27,-53
-107,-24,-47
-91,-27,-4
-66,-3,-18
-90,-13,4
-37,30,-24
-38,23,-38
-44,39,-37
-38,31,-49
-36,33,-46
-36,35,-45
-29,30,-41
-21,21,-41
-31,33,-40
-30,35,-43
-29,29,-38
-36,37,-38
-34,36,-46
-40,37,-38
-33,29,-43
-38,32,-40
-36,30,-43
-36,25,-51
-37,29,-46
-42,27,-41
-71,61,-54
22,0,-42
26,-17,-65
-27,37,-27
4,31,-80
-2,30,-55
-2,30,-53
-7,25,-59
-14,22,-61
-13,23,-48
-1,21,-69
-25,13,-69
-18,9,-60
-38,9,-63
-48,20,-47
-47,20,-49
-52,21,-45
-7,13,-55
9,5,-80
14,14,-40
21,15,-63
41,-2,-51
43,0,-57
32,0,-52
30,-1,-70
-15,12,-76
-10,9,-69
-14,13,-60
-18,14,-71
-9,8,-71
-10,9,-64
-15,14,-61
-18,14,-51
-18,11,-62
-18,9,-60
-22,6,-61
-28,6,-61
-24,3,-63
-23,2,-61
-22,0,-64
-24,1,-61
-25,4,-60
-23,-2,-64
-21,0,-54
-29,2,-60
-28,1,-61
-29,4,-57
-26,4,-61
-25,0,-61
-26,2,-60
-30,1,-61
-30,-1,-56
-27,-2,-60
-29,-1,-63
-33,-1,-59
-31,-2,-59
-35,-4,-59
-34,0,-55
-30,-1,-62
-29,-2,-55
-21,-7,-61
-21,2,-63
-35,5,-66
-29,-2,-54
-19,-1,-61
-35,4,-67
-34,1,-52
-28,5,-57
-32,8,-58
-27,1,-58
-25,3,-58
-32,5,-64
-29,2,-57
-29,2,-59
-29,2,-59
-35,14,-57
-30,6,-64
-13,2,-59
-26,9,-64
-18,6,-59
-27,12,-56
-19,8,-57
-35,11,-52
-41,9,-49
-42,10,-51
-37,10,-41
-40,11,-45
-40,4,-43
-46,11,-42
-52,7,-62
-43,3,-34
-31,-7,-5
-59,-5,-16
-60,-10,-16
-61,-10,-22
-66,-19,-21
-55,-12,-10
-50,-13,-14
-61,-12,-15
-61,-22,-11
-69,-15,-10
-80,-3,-1
-82,-38,-16
-71,-35,4
-36,-11,11
-102,-27,-41
-57,-17,-3
-49,-36,-29
-41,-43,-2
-52,-19,-10
-60,-27,-27
-73,-17,-23
-49,-16,-25
-59,2,-16
-74,-18,-37
-70,-5,-15
-70,-5,-3
-87,6,27
-37,13,24
41,29,61
25,31,48
28,48,40
31,38,37
-21,57,22
-2,55,14
6,59,27
-41,39,29
-50,37,34
-66,8,5
-91,16,23
-66,-28,6
-68,-25,8
-47,-18,11
-69,-2,2
-76,7,5
-57,20,12
-65,3,-4
-56,-21,19
-63,-9,19
-55,-27,17
-55,-16,23
-19,-8,27
-49,-14,27
-78,-10,22
-68,3,16
-82,15,7
-85,15,2
-65,8,16
-63,-21,15
-63,-19,18
-56,-8,19
-57,2,21
-64,-16,28
-56,1,23
-73,-9,27
-60,9,30
-64,9,23
-53,-16,25
-57,-18,32
-56,-12,32
-58,-6,34
-63,-8,34
-47,-20,31
-58,-24,29
-49,-10,24
-49,-22,21
-43,-36,17
-60,-13,19
-58,-34,-18
-75,-22,19
-78,-3,10
-62,-4,-13
-60,6,-6
-51,-10,-6
-59,-3,-6
-65,8,3
-76,-14,-3
-68,0,-1
-61,5,3
-52,4,13
-75,-5,-1
-67,-16,8
-62,-17,24
-70,-17,44
-29,64,26
-36,23,20
-57,6,14
-24,62,35
-32,48,19
-54,37,13
-33,48,15
-37,44,15
-47,34,13
-44,55,23
-44,52,25
-45,38,29
-44,40,26
-43,37,23
-40,50,13
-46,36,14
-59,41,22
-48,32,20
-45,46,8
-49,36,24
-49,37,21
-45,46,14
-45,45,18
-67,35,48
-43,24,7
-59,23,40
-36,41,25
-41,47,20
-51,32,20
-25,44,30
-36,47,32
-35,47,28
-39,44,26
-36,44,26
-25,44,34
-33,49,32
-29,46,32
-31,45,31
-38,44,29
-41,50,32
-41,39,11
-34,43,29
-43,36,32
-45,31,30
-40,38,34
-56,17,38
-47,37,40
-31,42,33
-38,43,33
-43,29,35
-57,9,12
-42,-41,18
-66,-2,-15
-56,-12,10
-59,-11,10
-81,-2,-3
-57,-31,18
-80,-23,2
-62,-46,31
-57,-43,24
-49,-23,38
-47,-5,45
-40,-23,26
-74,-37,8
-55,3,18
-61,-3,-1
-47,3,21
-66,0,7
-59,11,4
-52,-3,12
-45,-18,25
-56,-14,-2
-62,-31,-12
-56,-23,-9
-57,-20,-9
-58,-26,-9
-68,-22,4
-56,-18,8
-52,-22,10
-65,-8,5
-59,-15,6
-54,-3,6
-59,-2,0
-68,8,-1
-58,7,-4
-72,7,-4
-69,17,2
-57,-22,6
-64,-19,10
-64,-15,2
-55,-12,8
-59,-15,12
-62,-35,7
-54,-46,15
-54,-33,24
-53,-36,20
-3,3,53
-46,-12,4
-41,-23,18
-51,-26,19
-73,-27,3
-75,-26,8
-61,-17,5
-69,-18,13
-49,-21,13
-39,-4,27
-36,-20,31
-65,-17,24
-59,-21,13
-96,7,-19
-59,5,20
-54,1,6
-46,-49,5
-62,15,32
-27,-43,76
26,-2,48
-12,5,85
-27,71,40
77,80,5
-53,13,2
-67,-1,-27
-3,52,-36
-9,52,-28
6,63,-28
-15,52,-26
-15,37,-8
1,39,-21
-8,42,-29
-27,62,-25
-21,33,-20
-7,58,-28
-37,67,-33
-3,61,-4
-50,72,15
10,50,29
-31,81,31
-31,26,42
-42,-19,51
-25,-18,56
-21,-31,42
-18,-26,45
-23,-29,54
-21,-27,60
-19,-35,48
-15,-40,48
-10,-36,49
-14,-37,46
-17,-40,42
-13,-36,45
-22,-26,49
-10,-24,60
-11,-19,60
-13,-10,61
-3,2,62
5,14,64
-5,18,64
-16,63,59
-9,-30,56
-8,-3,52
23,2,49
39,-2,51
12,29,48
34,-1,61
6,15,55
3,37,74
47,7,38
22,9,65
-5,5,62
-37,25,69
-9,12,51
-43,-11,53
-30,11,58
-21,-1,53
-29,-3,65
-39,-23,47
-29,-5,75
-63,-7,110
-22,32,83
20,21,75
19,-8,64
11,-8,-29
37,35,-57
33,95,-35
5,58,-10
12,72,-23
6,59,3
17,61,1
7,61,14
14,66,21
16,51,19
11,60,31
16,49,42
28,39,33
27,34,47
45,23,39
47,29,36
41,22,43
45,22,34
12,38,45
14,37,47
12,29,45
1,37,48
53,38,114
5,50,38
1,53,33
1,49,32
8,41,30
3,51,32
19,52,37
17,53,34
14,61,27
11,64,19
11,56,27
20,69,20
13,55,27
14,44,29
15,49,34
18,46,37
20,56,34
19,58,31
17,59,23
22,53,30
23,57,27
28,49,26
25,53,29
26,46,24
24,42,35
25,55,24
22,49,31
14,64,29
20,55,29
14,60,28
24,60,33
33,46,36
37,44,28
25,54,24
46,38,32
40,51,35
30,24,35
28,40,32
28,44,36
34,42,33
29,51,24
27,41,25
35,55,29
30,48,33
36,50,30
40,39,23
44,41,24
36,56,25
33,53,18
40,44,24
38,42,18
24,64,34
45,43,22
32,44,44
29,51,21
36,47,18
15,55,18
35,48,16
34,49,25
30,53,23
25,59,24
17,50,10
15,52,4
27,54,14
20,50,22
30,59,6
26,59,17
23,71,-5
38,37,5
38,55,11
35,52,-4
37,51,-3
38,54,8
41,51,2
20,68,96
30,75,-19
34,45,16
32,53,14
24,69,23
23,59,23
20,53,11
22,68,27
25,62,16
7,61,36
25,52,27
25,46,23
22,54,30
20,57,21
53,49,28
15,57,22
14,58,25
13,56,22
15,60,21
17,56,22
14,56,23
16,60,18
19,53,17
23,57,25
24,56,23
25,53,22
28,53,25
29,55,27
27,51,22
34,53,34
27,53,25
22,56,25
21,52,21
27,51,30
21,52,25
22,54,27
25,53,26
26,53,23
26,48,28
32,52,36
31,53,27
25,49,26
26,52,29
26,56,30
26,49,30
26,50,29
27,54,28
28,50,19
24,58,13
29,53,18
28,54,17
27,58,31
29,53,26
34,43,19
9,56,19
-1,55,30
6,51,36
11,49,44
9,50,32
22,56,30
23,56,27
25,58,17
22,53,13
26,57,9
32,58,9
28,54,10
30,54,8
32,56,10
28,58,10
31,48,12
34,51,22
32,53,23
33,49,21
30,44,34
30,37,44
39,38,45
29,31,53
26,35,51
23,30,50
24,32,51
21,31,55
20,34,44
25,33,41
25,36,48
36,20,47
24,40,47
20,37,41
18,42,41
18,41,45
20,41,44
23,52,69
15,42,38
7,48,9
4,57,8
5,63,4
10,66,7
12,65,6
8,64,3
7,62,5
10,65,6
12,62,5
13,63,5
14,64,3
12,62,5
12,63,5
13,61,2
12,57,-4
15,50,6
29,58,37
29,51,37
28,46,35
30,39,44
23,38,48
20,29,53
12,30,50
5,32,49
8,30,56
8,27,55
6,25,59
7,26,59
10,26,57
12,29,57
14,33,58
16,28,54
22,24,47
25,27,49
28,26,57
30,27,48
33,30,46
32,31,45
31,33,48
30,32,57
19,22,57
9,18,50
12,28,53
11,23,52
11,25,57
14,27,61
32,24,66
31,17,47
25,20,51
28,24,48
28,33,52
25,42,52
19,30,54
12,18,55
14,41,51
13,46,40
13,27,58
22,38,61
27,36,45
19,39,44
17,36,24
21,41,36
19,43,42
22,46,63
17,34,58
14,21,59
11,19,55
16,18,55
18,17,68
19,13,63
25,33,71
32,18,40
25,25,71
25,14,60
25,7,41
26,21,55
21,28,54
12,27,46
12,42,39
19,40,53
18,32,50
19,42,41
-4,52,57
12,37,43
17,38,52
12,33,49
15,40,48
9,38,46
11,37,45
11,40,47
13,37,46
13,36,46
16,40,53
16,32,59
15,48,45
12,49,42
8,47,31
8,46,41
11,47,42
11,50,41
8,51,44
5,51,37
7,57,30
3,57,24
-2,60,20
-2,60,19
-2,60,19
-2,62,19
-2,65,12
-9,57,20
-8,62,16
-7,63,16
-8,59,17
-9,60,15
-11,59,14
-11,62,15
-10,62,12
-13,61,12
-13,61,13
-11,63,9
-13,63,10
-13,62,13
-16,59,13
-17,57,19
-15,58,19
-17,58,19
-15,53,17
-9,57,29
-6,56,35
0,56,28
2,51,26
3,55,30
0,55,19
5,56,40
5,54,39
4,49,40
4,45,43
5,67,44
11,59,54
20,43,41
14,52,47
6,46,37
2,15,10
-22,101,10
-23,63,15
-13,61,11
-3,66,20
21,66,30
25,56,31
13,51,22
13,48,27
12,53,38
11,50,51
1,37,42
4,41,39
1,43,37
2,43,46
12,46,58
26,36,53
16,28,48
36,43,43
43,48,43
27,50,47
10,37,43
7,56,36
4,56,31
1,53,24
-1,53,29
-2,62,34
4,58,29
5,68,13
2,62,7
3,50,12
-4,56,10
-2,57,2
2,63,2
4,62,9
5,50,10
5,64,31
13,58,79
17,13,96
5,8,68
-4,8,72
-6,14,38
1,9,48
19,24,50
13,54,72
53,22,61
52,-1,44
40,5,47
34,13,34
26,13,40
17,11,33
12,6,30
13,24,60
6,13,68
9,-2,71
14,-16,60
23,-1,60
24,4,67
22,2,56
23,2,56
26,3,59
22,5,58
20,4,56
18,2,56
16,0,57
15,2,51
12,3,63
11,24,70
8,37,60
6,34,23
-3,42,10
0,60,-2
-5,56,-3
-34,127,-48
-12,111,-27
40,-,48
-6,-34,57
9,-34,26
8,-18,42
22,-27,51
42,-26,97
36,-69,94
31,-100,85
30,-56,85
14,-50,77
20,-28,99
25,-27,95
9,-29,65
6,1,56
-1,21,60
17,-28,70
25,-7,81
13,-17,79
12,-19,47
11,7,50
6,25,55
16,-37,56
17,-9,79
16,1,75
12,-10,61
7,-3,56
7,6,46
2,22,54
13,-24,54
10,-5,79
15,0,71
16,-1,68
9,-1,57
7,0,49
-1,36,57
11,-8,64
14,-14,73
14,-7,75
11,0,73
8,-5,56
9,-13,48
10,9,52
5,16,56
16,-23,59
16,-8,71
18,-4,72
13,0,59
8,-1,52
8,10,51
4,25,70
13,8,65
17,17,67
12,35,64
9,56,47
6,70,29
-2,81,17
-4,71,1
-8,35,-22
-8,22,3
6,31,24
14,-1,24
7,-45,80
15,5,82
17,-9,84
22,-34,94
19,-24,85
14,-13,77
12,19,85
12,25,84
0,28,56
4,14,38
9,5,39
9,-17,46
10,-9,40
0,10,42
12,19,70
10,-33,69
15,-22,92
18,1,86
18,30,75
14,62,51
1,78,39
-2,68,20
-7,55,-16
1,25,0
5,23,22
5,14,33
9,-4,31
10,-5,68
8,7,75
21,-40,76
16,-28,74
14,-18,84
18,-14,76
14,23,86
14,25,71
3,41,41
9,6,48
9,0,40
5,-17,51
15,-12,43
4,14,50
10,15,63
13,-27,83
17,-26,92
23,0,91
22,30,70
12,54,46
0,75,9
2,79,15
-15,78,-7
-4,40,-15
-3,32,4
5,28,23
4,13,20
17,6,57
35,11,65
14,-13,70
19,-39,82
15,-38,72
11,-22,69
14,-14,68
12,-6,68
13,-5,69
13,4,71
13,7,68
14,13,78
12,19,75
12,25,75
16,23,74
25,-1,41
40,-51,-16
50,-48,-41
82,-27,-27
105,-27,-15
100,-7,21
75,-13,39
58,8,46
54,54,116
34,32,56
23,-26,46
49,-38,46
33,-34,42
24,-18,52
17,-21,58
21,-20,63
18,-19,67
22,-11,66
23,-13,69
20,-13,66
13,-13,51
10,-5,47
8,21,63
14,-38,50
14,-26,59
13,-20,68
15,-16,70
15,-17,56
14,-16,50
13,-1,51
4,11,53
14,-30,63
13,-23,68
10,-16,73
14,-19,57
10,-15,51
9,-10,47
6,15,56
17,-28,61
18,-19,73
18,-7,75
15,-6,69
14,-7,53
13,-5,52
13,6,54
9,27,57
16,-1,55
22,13,70
17,24,73
13,44,57
11,55,38
5,71,27
-8,76,6
-7,57,-9
-5,29,-5
-2,31,5
6,22,28
7,1,26
52,-5,49
9,11,84
21,-17,80
25,-38,91
16,-29,78
20,-19,71
15,-10,80
15,10,84
1,30,67
4,25,35
8,2,42
9,-7,47
10,-15,39
11,-9,40
9,4,53
4,2,62
23,-41,83
25,-22,88
17,7,90
19,32,60
14,69,47
3,80,35
-6,70,9
3,48,-1
1,24,0
1,19,27
6,18,11
11,3,14
8,-12,77
12,14,79
23,-42,90
17,-34,66
12,-21,77
16,-20,70
17,3,80
14,10,78
1,26,57
7,6,48
7,-1,45
10,-15,46
13,-18,36
6,0,39
5,-3,51
12,-8,72
21,-37,81
25,-21,103
25,10,83
7,44,44
-5,77,28
2,92,13
-6,70,8
-8,54,-20
-4,19,-8
-5,23,18
1,25,23
7,-3,26
30,-8,66
18,2,81
20,-31,82
19,-35,77
17,-8,81
19,16,76
15,37,66
6,70,51
6,75,31
-4,63,6
-4,40,-5
-3,27,8
1,26,21
5,21,17
10,32,34
16,-2,75
13,-3,59
16,3,71
13,-46,44
13,-40,64
14,-25,69
13,-12,74
17,-12,72
15,0,69
14,8,67
17,21,62
13,36,58
9,48,40
7,46,36
5,55,28
4,57,29
2,56,28
3,58,27
4,60,29
7,58,26
11,55,33
23,59,33
16,39,58
22,52,43
28,46,49
30,49,43
33,52,47
26,27,29
26,-22,-18
34,-42,-44
59,-24,-42
99,-10,-32
99,-14,-17
92,7,0
78,36,1
73,81,38
45,114,11
61,-8,-31
63,-2,-35
47,7,-41
45,-4,-45
50,-3,-53
37,-1,-55
28,2,-56
24,-2,-55
17,-16,-57
6,-4,-62
-3,-2,-66
-17,22,-74
-25,51,-69
-20,11,-64
-6,9,-62
-15,10,-51
-15,7,-59
-23,7,-61
-25,18,-65
-33,36,-63
-38,60,-46
-32,43,-51
-28,24,-47
-27,26,-41
-29,21,-43
-32,15,-50
-32,20,-52
-34,26,-51
-35,41,-49
-38,56,-43
-34,40,-49
-31,36,-38
-32,40,-36
-31,38,-39
-31,51,-30
-30,62,-20
-22,66,-29
-18,49,-32
-12,41,-34
-13,44,-41
-8,42,-41
-9,45,-32
-7,36,-41
-2,17,-44
-6,26,-61
-21,30,-61
-25,30,-62
-33,21,-63
-30,9,-71
-26,4,-63
-28,1,-71
-29,13,-62
-32,21,-57
-27,20,-51
-30,32,-37
-27,24,-33
-29,41,-44
-32,39,-40
-33,42,-45
-24,44,-43
-21,33,-51
-21,37,-48
-18,47,-57
-20,43,-50
-11,16,-52
-5,17,-55
-9,25,-64
-19,32,-66
-29,19,-64
-26,9,-68
-22,0,-75
-23,1,-66
-23,4,-62
-28,7,-60
-29,13,-48
-21,8,-31
-27,32,-47
-29,40,-37
-33,41,-48
-22,32,-58
-23,37,-54
-22,31,-49
-24,26,-56
-18,50,-61
-16,45,-54
-10,27,-50
-8,20,-51
-3,17,-57
-14,27,-60
-18,23,-64
-27,16,-67
-23,9,-72
-21,4,-63
-24,-8,-66
-25,13,-66
-33,18,-56
-28,12,-57
-26,22,-41
-22,18,-40
-24,44,-43
-30,33,-50
-27,39,-59
-19,33,-56
-21,25,-55
-20,23,-58
-16,33,-62
-17,35,-57
-9,17,-54
0,17,-55
-4,10,-61
-9,20,-70
-19,15,-64
-22,13,-73
-19,2,-73
-19,3,-64
-18,-6,-68
-20,6,-62
-28,11,-62
-25,15,-50
-23,17,-45
-29,23,-44
-33,42,-41
-37,38,-42
-35,47,-45
-34,34,-46
-34,30,-38
-27,27,-40
-22,57,-52
-16,58,-51
-11,22,-48
-7,12,-51
-1,19,-64
-11,22,-57
-17,21,-62
-25,15,-66
-22,7,-68
-26,7,-62
-25,9,-71
-25,14,-56
-35,16,-61
-30,26,-52
-33,25,-39
-40,27,-33
-41,30,-45
-33,18,-52
-30,18,-61
-11,22,13
-56,20,94
-49,27,68
-36,44,47
-27,52,28
-23,60,27
-19,53,26
-16,54,22
-9,53,26
-8,49,31
-7,45,32
-2,39,33
6,22,43
15,-7,51
15,-35,45
7,-52,23
5,-86,1
9,-96,3
5,-85,-4
-1,-81,-18
-10,-70,-37
-18,-54,-43
-27,-25,-41
-37,18,-34
-43,27,-14
-48,33,4
-50,67,26
-63,69,12
7,-71,-23
-72,-1,-86
-49,-8,-60
-34,-21,-60
-35,10,-51
-33,-8,-61
-33,-2,-61
-28,-7,-59
-28,-9,-60
-25,-5,-54
-24,-4,-62
-28,-1,-61
-26,11,-67
-33,27,-68
-27,57,-58
-22,14,-57
-22,21,-55
-21,18,-51
-20,16,-53
-25,13,-56
-27,15,-63
-27,28,-62
-30,43,-58
-28,49,-49
-32,41,-53
-27,27,-48
-23,42,-40
-22,45,-40
-21,43,-44
-20,50,-47
-17,48,-48
-16,44,-44
-15,46,-45
-13,42,-44
-11,40,-41
-10,27,-36
-7,17,-40
-11,23,-45
-18,28,-57
-21,31,-58
-29,23,-62
-31,15,-73
-24,10,-73
-27,-1,-64
-29,0,-63
-28,6,-60
-30,9,-50
-27,17,-51
-25,29,-42
-25,31,-41
-26,42,-52
-31,32,-48
-34,44,-52
-28,37,-49
-24,24,-52
-21,29,-43
-20,49,-57
-15,22,-42
-12,10,-53
-7,15,-49
-13,22,-62
-20,22,-62
-26,18,-65
-27,14,-67
-23,13,-70
-24,6,-68
-25,-1,-63
-27,8,-59
-27,12,-56
-23,17,-48
-29,29,-44
-29,35,-45
-31,41,-43
-34,46,-41
-30,49,-42
-36,42,-34
-22,35,-46
-19,50,-52
-21,53,-54
-12,41,-48
-7,22,-53
-4,21,-55
-5,24,-63
-16,20,-57
-20,23,-66
-25,12,-68
-22,7,-71
-15,7,-70
-26,9,-69
-24,11,-62
-27,10,-61
-29,13,-57
-22,15,-51
-29,15,-42
-26,26,-45
-32,37,-54
-31,29,-49
-33,39,-51
-34,39,-49
-19,32,-43
-17,31,-52
-16,47,-61
-13,45,-56
-5,33,-51
-1,16,-46
2,15,-55
-7,19,-64
-16,16,-63
-24,15,-66
-25,13,-73
-18,-2,-73
-21,-8,-61
-24,2,-69
-23,3,-61
-25,13,-62
-27,13,-56
-25,19,-46
-27,22,-43
-28,42,-49
-31,32,-49
-33,43,-55
-36,32,-47
-24,30,-48
-26,27,-49
-20,41,-61
-19,41,-63
-10,17,-53
-5,14,-55
-5,13,-62
-14,22,-62
-18,19,-61
-23,14,-69
-24,10,-70
-24,1,-68
-27,2,-67
-28,14,-63
-30,10,-55
-30,21,-52
-28,23,-37
-27,30,-43
-27,41,-50
-29,40,-50
-28,46,-44
-23,34,-45
-22,35,-56
-11,42,-48
-9,43,-49
5,26,-42
17,13,-37
31,6,-45
42,-3,-27
75,-13,-51
57,-2,-34
66,-2,-33
65,-2,-23
65,-7,-24
63,-13,-25
55,-22,-31
49,-29,-35
34,-38,-39
10,-50,-39
-13,-59,-43
-23,-74,-42
-16,-77,-57
-7,-55,-55
-11,-22,-49
-3,6,-57
15,19,-59
30,16,-61
40,12,-56
54,5,-37
65,15,-25
67,90,4
52,93,-9
71,-74,10
50,3,6
73,-29,26
55,-14,18
50,1,40
56,-10,40
35,-20,50
38,-8,45
35,-6,55
34,4,57
32,-1,62
34,0,56
29,-4,51
25,0,47
22,6,49
24,-3,53
24,-24,57
23,-17,62
20,-11,64
23,-9,63
20,7,63
17,16,66
9,27,58
6,16,54
14,13,67
11,4,65
9,5,63
10,5,69
14,7,64
12,3,62
11,-1,64
10,-4,66
12,-5,65
14,-6,61
15,-2,58
13,11,59
10,57,61
10,62,51
15,43,55
17,43,53
1,55,35
5,65,29
11,66,7
-9,65,-15
-7,22,-23
-2,9,-17
2,12,-8
3,12,11
26,-43,62
14,13,93
20,11,110
15,-23,82
14,-33,62
15,-27,63
13,-18,62
14,-13,66
15,-5,63
14,-1,64
14,9,65
15,17,61
18,38,65
20,57,60
13,68,36
5,83,20
-4,82,4
-5,37,-21
-9,15,-25
-1,5,-13
0,7,9
21,24,103
9,10,88
1,-14,83
8,-35,76
14,-38,63
13,-27,55
11,-22,61
11,-16,60
12,-9,63
12,-8,62
13,-3,64
14,6,64
14,8,62
15,18,62
21,28,71
20,57,59
8,77,39
-4,77,27
-3,71,5
-3,19,-15
-7,12,-24
-2,12,-12
4,5,16
18,9,96
11,-4,74
12,14,111
15,-29,80
15,-41,60
13,-22,59
12,-22,58
12,-18,61
12,-12,61
13,-10,62
13,-5,64
14,0,64
15,4,65
18,16,65
23,28,78
19,52,64
15,70,38
8,84,24
-6,68,2
-3,23,-19
-8,14,-22
-2,9,-11
0,13,11
16,-5,92
23,19,96
17,6,106
18,-41,76
14,-42,66
14,-32,63
14,-24,60
11,-17,62
14,-10,66
13,-4,63
15,3,63
15,12,65
17,26,65
20,34,65
13,61,46
1,77,21
-3,86,8
-10,53,-18
-6,13,-15
-9,19,-11
-3,15,-5
5,17,19
15,38,65
29,17,76
14,39,93
22,-21,89
20,-13,80
20,-14,67
16,-6,62
15,-1,67
15,6,62
13,10,63
17,20,62
18,31,60
18,50,52
13,64,33
11,72,20
9,75,9
-1,75,1
-6,47,-13
-9,26,-6
-9,26,-10
-7,32,-3
-3,31,5
15,48,40
33,20,54
16,23,88
12,32,80
15,-19,77
10,-24,70
18,-23,70
10,-11,73
15,9,80
13,30,65
2,46,24
-1,57,16
-3,62,17
-1,62,21
2,63,21
7,60,22
4,61,34
27,55,35
25,58,38
30,51,40
31,54,42
28,50,55
30,44,49
26,23,33
36,-29,-20
58,-45,-52
58,-22,-36
102,-17,-3
107,3,16
75,-2,30
62,22,59
49,59,106
33,-35,31
47,-32,52
37,-42,31
34,2,61
14,-33,59
10,-9,57
3,-19,65
11,-20,66
8,-12,67
7,-9,65
7,-7,69
7,-6,63
6,-12,59
8,-15,48
13,6,73
7,-11,62
14,-28,59
10,-24,55
10,-19,62
10,-16,65
12,-10,63
13,-11,66
12,2,68
8,13,61
3,-4,52
10,-4,57
7,-23,68
7,-19,64
9,-15,63
10,-15,60
10,-11,60
12,-14,63
11,-14,61
13,-14,59
11,-11,59
13,-16,64
12,-16,61
14,-16,62
16,-19,63
16,-11,60
18,12,62
16,47,68
18,16,64
15,17,69
17,25,59
17,45,57
2,100,47
4,85,30
-9,75,-11
-11,41,-22
-9,18,-25
-7,15,-16
1,3,-5
5,13,27
24,22,72
4,10,97
25,-32,89
15,-39,81
12,-23,64
15,-17,62
12,-14,64
14,-5,61
15,-1,66
15,7,62
18,17,63
22,31,71
21,52,67
14,70,48
10,85,30
-7,67,2
-8,15,-18
-6,13,-23
2,8,-11
5,11,31
10,30,72
34,-11,72
14,-18,87
14,-39,75
13,-33,66
13,-25,55
15,-21,62
12,-14,62
12,-10,61
12,-6,64
14,1,63
16,9,64
18,20,63
22,26,67
18,53,58
13,69,44
8,76,25
-7,72,0
-4,22,-15
-4,20,-20
1,21,-13
1,18,19
21,-42,103
15,-15,78
8,4,92
17,-38,84
13,-33,71
10,-32,60
14,-21,60
12,-17,61
13,-11,62
14,-6,61
15,-4,63
13,2,61
15,5,62
15,13,62
15,26,64
19,41,65
15,63,52
8,85,33
-2,78,14
-11,53,-13
-6,16,-20
-5,18,-18
1,12,-4
3,4,28
-3,24,86
9,-6,60
17,-2,90
23,-41,80
14,-31,59
14,-22,57
15,-20,61
15,-17,63
14,-9,61
15,-8,62
15,-3,61
15,-1,62
14,5,63
16,10,63
16,16,62
17,29,59
19,36,63
19,57,49
8,72,29
2,85,17
-6,66,0
-6,22,-20
-7,19,-19
1,25,-9
-1,22,13
30,10,77
17,-15,86
19,-19,99
14,-4,77
18,-38,70
20,-38,61
14,-29,58
12,-24,57
14,-19,60
15,-17,61
16,-11,60
16,-7,60
18,-5,62
18,-2,62
19,6,66
18,22,67
15,33,58
10,45,38
7,48,33
5,56,32
4,55,31
6,55,32
11,53,37
21,42,49
20,42,53
28,38,56
29,36,65
32,40,67
35,36,60
33,-12,21
36,-40,-18
55,-19,-39
79,-20,-42
97,-1,1
101,1,9
70,-12,29
57,-3,41
55,60,98
33,90,41
48,-5,86
53,-45,35
32,-31,29
23,-17,50
21,-22,51
21,-21,62
17,-15,64
18,-9,67
13,-8,67
10,-5,59
9,-7,60
5,-8,53
2,16,67
4,-1,63
10,-10,62
9,-5,63
9,3,71
10,8,60
6,10,61
-2,37,60
-1,14,64
-11,28,61
-21,32,56
-21,19,50
-26,13,45
-35,22,42
-40,20,48
-27,32,53
-9,48,39
18,56,18
31,48,-1
31,33,13
31,29,1
44,19,-20
41,14,11
66,29,51
93,38,102
61,18,79
10,40,60
-22,37,42
-34,21,35
-41,18,17
-51,18,3
-52,7,-12
-41,4,-26
-23,-2,-5
-25,10,81
-13,10,96
14,30,88
30,39,41
50,34,20
52,27,16
56,25,5
49,18,-27
28,10,-13
41,10,55
104,22,56
79,12,76
29,7,69
-2,1,62
-14,-2,59
-18,-7,53
-26,4,49
-26,-7,47
-21,2,45
-11,7,50
8,17,64
17,16,75
44,30,54
48,33,17
54,25,16
58,31,6
52,25,-8
42,19,-27
29,12,-3
68,32,48
58,-10,66
59,11,73
15,2,73
-5,4,61
-19,1,53
-24,-8,47
-30,-2,43
-30,-11,41
-25,-1,44
-13,-3,56
-2,20,68
11,17,76
38,31,68
44,39,40
53,25,8
58,24,6
55,22,-1
46,22,-25
32,14,-27
29,13,17
90,54,42
86,-16,76
48,11,76
16,8,70
-3,0,57
-16,3,52
-20,-7,52
-23,-3,51
-24,-2,48
-21,3,46
-11,6,52
17,34,67
4,31,77
13,63,36
20,62,-5
26,51,9
48,29,-14
62,44,-7
49,30,-17
30,19,-24
25,17,2
80,65,32
100,14,71
58,56,12
15,65,16
3,48,19
-7,45,27
-8,35,38
-15,28,43
-13,10,48
-3,5,53
13,11,64
34,15,77
36,18,65
50,34,47
51,28,17
54,36,1
56,24,5
54,28,-22
39,17,-40
19,13,-32
19,12,26
109,46,39
97,48,45
43,52,24
9,57,11
6,52,19
2,54,24
4,51,22
8,37,28
6,13,34
14,-19,49
11,-51,34
1,-74,14
1,-98,2
5,-106,7
1,-90,-10
-2,-84,-34
-8,-58,-49
-16,-16,-44
-22,34,-30
-21,43,-21
-13,61,-3
-2,85,-7
13,93,-33
33,-10,-87
56,-27,-72
66,-8,-35
79,-1,-23
73,-14,-1
85,8,12
51,-21,23
63,9,34
59,0,38
60,4,41
49,-2,42
47,-4,32
35,19,34
33,17,39
45,-24,45
45,-16,55
40,-6,57
37,-5,64
31,0,58
22,-1,49
22,4,57
17,26,50
21,24,56
34,11,58
39,35,53
35,40,43
28,54,30
25,48,11
26,53,2
23,46,-4
32,36,-8
51,36,-15
30,24,-27
31,19,-22
35,15,32
84,55,44
94,-32,73
40,14,78
4,12,67
-9,15,53
-16,3,52
-19,4,51
-26,-6,48
-27,0,41
-20,0,45
-6,4,58
37,42,74
26,22,76
45,36,60
44,33,16
50,24,8
51,22,9
51,29,-13
45,15,-23
29,12,-17
49,18,50
105,34,51
81,15,68
30,9,68
0,3,58
-14,3,55
-19,-8,46
-27,-8,48
-28,-10,44
-20,-1,42
-8,0,57
7,18,65
15,14,73
36,31,64
44,32,38
53,28,19
57,31,9
56,19,2
49,22,-24
36,20,-28
21,9,19
90,48,31
82,4,72
44,10,73
8,10,69
-7,11,60
-17,6,51
-22,-3,47
-28,0,47
-29,-5,42
-23,-3,46
-12,-2,55
-3,11,66
13,7,70
28,24,74
38,36,45
49,29,13
53,22,20
59,16,-6
56,21,-19
37,23,-21
22,12,-17
70,46,43
44,16,63
56,17,68
18,10,71
-5,0,60
-21,5,49
-21,-9,45
-29,-2,44
-32,-7,44
-27,0,43
-18,-2,52
-6,20,69
11,26,78
10,50,66
21,59,7
27,45,-1
41,45,-16
61,28,10
56,41,-7
44,34,-31
30,18,-20
46,26,48
105,45,37
76,41,68
28,26,69
-6,35,58
-24,24,38
-44,26,28
-45,16,13
-52,15,6
-56,14,-4
-56,9,-21
-53,7,-26
-42,3,-43
-23,8,29
-20,-14,74
-33,-12,78
-20,-11,74
-11,2,73
-4,8,68
0,17,66
5,23,60
9,32,57
9,39,55
10,46,50
9,46,43
11,54,40
5,50,25
0,60,12
-2,53,4
-6,58,3
-5,59,7
-6,58,5
-8,63,2
-6,64,-4
-6,68,-4
-4,67,-4
-5,62,-4
-5,64,-5
-7,67,-3
-6,66,-3
-6,68,1
-4,62,-1
-6,65,-2
-5,64,0
-5,62,2
-5,64,6
-6,61,6
-5,62,6
-5,62,5
-6,67,10
-5,64,3
-3,62,3
-2,62,5
1,66,4
7,61,3
9,63,1
-2,61,2
-5,61,0
-5,60,0
1,63,2
9,64,-1
18,68,4
15,66,17
14,64,20
11,54,25
8,59,26
6,58,26
2,55,25
1,50,32
1,54,38
2,52,42
0,52,39
-2,57,37
-7,53,26
-9,62,23
-9,57,26
-12,60,28
-15,55,21
-32,65,32
-31,85,10
-48,24,38
-42,25,28
-12,54,43
3,48,54
8,50,43
9,51,38
8,51,33
8,55,29
9,59,24
6,63,19
5,72,10
4,63,16
7,61,16
6,61,14
0,67,11
-11,73,15
0,61,16
0,65,3
94,-70,127
11,93,-3
-5,63,-10
-14,72,7
-19,57,-18
-30,62,-36
-25,43,-25
-39,53,-16
-40,42,-20
-32,71,-58
-54,-1,-43
-68,-31,-14
-59,4,11
-60,11,-12
-54,11,-12
-41,-17,-9
-51,-40,-26
-72,-19,6
-59,-24,-28
-55,30,-14
-49,34,-3
8,30,-31
85,32,52
42,20,-23
50,11,-41
16,-3,-41
9,37,-76
3,33,-47
60,-29,-
73,57,-86
44,11,-37
8,8,-62
113,3,-
47,17,-91
41,-29,-47
28,27,-45
8,38,-46
19,39,-42
14,53,-25
24,55,-24
26,59,-18
41,27,-19
59,13,-31
55,5,-42
55,2,-26
53,-5,-28
57,-15,-29
56,-7,-33
56,17,-25
57,20,-23
56,11,-31
60,11,-28
101,11,-67
40,16,-48
49,19,-47
35,-9,-64
54,7,-51
26,3,-64
37,3,-54
37,2,-55
41,9,-43
29,-10,-36
42,-19,-61
9,-35,-59
-11,-32,-63
-22,-42,-40
-31,-37,-37
-38,-34,-41
-26,-32,-49
-37,-32,-36
-43,-21,-48
-33,-17,-51
-32,-19,-39
-30,-17,-56
-49,-12,-40
-43,-15,-46
-43,-24,-43
-41,-31,-42
-32,-35,-44
-25,-35,-53
-24,-30,-54
11,-111,-31
-33,-47,-25
19,-50,-56
21,-28,-35
26,-37,-33
24,-44,-35
16,-34,-49
-1,37,-90
30,-39,-51
14,-39,-40
35,-38,-44
32,-36,-39
36,-35,-47
30,-45,-30
31,-55,-31
28,-60,-22
30,-55,-14
31,-60,-2
25,-40,6
19,-61,17
26,-58,9
29,-45,4
14,-53,-4
-7,-76,-126
-5,7,-15
-44,-35,-35
-53,-31,-27
-52,-27,-16
-48,-32,-21
-57,-24,-27
-57,-24,-25
-60,-31,-24
-62,-29,-23
-62,-26,-13
-61,-29,-7
-54,-25,-2
-58,-23,-2
-54,-23,-1
-57,-22,-3
-62,-22,-5
-61,-20,-3
-61,-24,-6
-67,-21,-4
-59,-25,-6
-62,-28,-7
-66,-31,-11
-74,-33,-10
-60,-31,-4
-60,-25,-4
-62,-23,-9
-57,-13,-9
-56,-2,-5
-45,-1,-6
-60,2,-10
-57,3,-7
-61,2,-4
-61,11,-1
-63,4,-2
-58,4,1
-63,4,1
-57,8,7
-66,7,3
-63,4,6
-62,4,4
-63,8,5
-63,8,4
-62,7,3
-61,8,4
-61,9,5
-64,7,4
-65,7,5
-63,8,5
-63,9,3
-63,10,5
-63,8,5
-62,9,5
-62,9,6
-63,9,6
-64,9,4
-62,10,3
-62,9,3
-62,9,4
-62,9,4
-62,10,4
-62,11,4
-62,10,5
-62,10,4
-63,10,5
-62,9,5
-61,10,5
-61,10,4
-61,10,4
-63,10,4
-62,8,3
-62,9,5
-63,8,1
-62,9,4
-60,5,4
-64,4,3
-67,0,7
-65,-2,4
-61,-1,7
-63,4,4
-63,5,1
-58,0,2
-65,10,-6
-66,15,-7
-65,14,-4
-60,16,-7
-61,17,-2
